genome	n_genes_called	n_genes_mapped	n_contigs	taxonomic_level	proportion_genes_retained_in_major_clades	genes_retained_index	clade_separation_score	contamination_portion	n_effective_surplus_clades	mean_hit_identity	reference_representation_score	pass.GUNC
GCF_014901875	5274	5057	14	family	0.93	0.9	0.82	0.04	0.08	0.94	0.84	False
GCF_001281005	4862	4799	1	kingdom	1.0	0.99	0.0	0.0	0.0	0.93	0.92	True
GCF_905218895	4928	4864	3	genus	0.86	0.85	0.02	0.08	0.18	0.95	0.81	True
GCF_902166445	5365	5221	192	order	0.98	0.95	1.0	0.06	0.12	0.92	0.88	False
GCF_016500615	4888	4745	60	species	0.85	0.83	0.02	0.04	0.09	0.99	0.82	True
GCF_016905765	5277	5169	261	family	0.94	0.92	0.85	0.03	0.06	0.95	0.87	False
GCF_014856055	4596	4524	46	family	0.96	0.94	0.62	0.02	0.05	0.97	0.91	False
GCF_016501665	4366	4331	16	genus	0.9	0.9	0.05	0.03	0.07	0.99	0.88	True
GCF_013801705	4470	4412	1	kingdom	1.0	0.99	0.0	0.0	0.0	0.92	0.91	True
GCF_019660505	4884	4802	83	genus	0.9	0.88	0.18	0.11	0.25	0.95	0.84	True
GCF_010590395	5464	5341	531	class	0.99	0.97	1.0	0.03	0.06	0.93	0.9	False
GCF_016905675	5223	5107	232	genus	0.86	0.84	0.48	0.11	0.27	0.95	0.79	False
GCF_013925725	5561	5333	8	genus	0.83	0.8	0.12	0.15	0.38	0.95	0.75	True
GCF_901456235	4785	4665	5	genus	0.86	0.84	0.02	0.06	0.13	0.95	0.8	True
GCF_018439045	5758	5491	1039	genus	0.85	0.81	0.62	0.13	0.32	0.95	0.77	False
GCF_008931625	5226	5139	6	genus	0.88	0.87	0.32	0.15	0.36	0.95	0.83	True
GCF_013724985	4406	4351	3	kingdom	1.0	0.99	0.0	0.0	0.0	0.92	0.91	True
GCF_020809005	4957	4877	4	genus	0.89	0.88	0.02	0.11	0.26	0.95	0.83	True
GCF_902498925	5046	4967	126	family	0.95	0.93	0.87	0.03	0.06	0.97	0.91	False
GCF_018919595	5167	5043	572	genus	0.83	0.81	0.24	0.03	0.06	0.96	0.78	True
GCF_014855955	4785	4703	63	genus	0.85	0.84	0.11	0.06	0.12	0.96	0.8	True
GCF_905338045	5195	5008	8	genus	0.83	0.8	0.05	0.08	0.18	0.95	0.76	True
GCF_016500575	4907	4816	43	genus	0.86	0.85	0.1	0.07	0.15	0.95	0.81	True
GCF_002151755	5081	4901	5	genus	0.87	0.84	0.06	0.13	0.3	0.95	0.8	True
GCF_013836145	4047	4007	1	kingdom	1.0	0.99	0.0	0.0	0.0	0.91	0.9	True
ERQ0166	5351	4983	211	genus	0.83	0.78	0.28	0.09	0.19	0.95	0.74	True
GCF_016892575	4440	4385	36	genus	0.9	0.89	0.09	0.05	0.1	0.96	0.85	True
GCF_013899385	4586	4544	1	kingdom	1.0	0.99	0.0	0.0	0.0	0.94	0.93	True
GCF_013725595	5313	5152	4	genus	0.86	0.83	0.05	0.13	0.32	0.95	0.79	True
GCF_005281355	4662	4592	89	genus	0.89	0.88	0.16	0.04	0.07	0.97	0.85	True
GCF_016504815	4829	4770	31	genus	0.88	0.87	0.07	0.07	0.16	0.95	0.82	True
GCF_016859905	5181	5101	70	genus	0.88	0.87	0.38	0.14	0.33	0.95	0.83	True
GCF_000521965	4957	4805	2	genus	0.85	0.83	0.06	0.09	0.19	0.96	0.79	True
GCF_004004805	5196	4988	227	genus	0.86	0.83	0.37	0.12	0.27	0.95	0.79	True
GCF_014803105	4953	4866	99	genus	0.87	0.85	0.22	0.09	0.21	0.95	0.81	True
GCF_013749535	5079	5002	3	genus	0.89	0.87	0.17	0.15	0.39	0.95	0.83	True
GCF_001037585	5317	5121	4	genus	0.81	0.78	0.04	0.05	0.12	0.95	0.74	True
GCF_001721255	5493	5274	146	family	0.92	0.89	0.79	0.03	0.06	0.97	0.86	False
GCF_008931685	5381	5163	6	family	0.93	0.9	0.72	0.04	0.08	0.94	0.84	False
GCF_900079795	4837	4772	1	kingdom	1.0	0.99	0.0	0.0	0.0	0.96	0.95	True
GCF_014803115	5050	4957	94	genus	0.88	0.86	0.18	0.11	0.27	0.95	0.82	True
GCF_900461055	4520	4482	15	kingdom	1.0	0.99	0.0	0.0	0.0	0.98	0.97	True
GCF_018066565	5219	5118	74	family	0.94	0.92	0.77	0.03	0.06	0.94	0.87	False
GCF_005281175	4468	4393	40	genus	0.88	0.87	0.04	0.03	0.06	0.95	0.82	True
GCF_003990165	4734	4671	26	genus	0.89	0.88	0.08	0.08	0.18	0.95	0.83	True
GCF_002051555	4861	4759	46	genus	0.87	0.86	0.07	0.06	0.12	0.95	0.81	True
GCF_016905775	5056	4975	193	genus	0.86	0.85	0.6	0.1	0.23	0.96	0.81	False
GCF_016505335	4614	4527	26	family	0.97	0.95	0.5	0.03	0.06	0.93	0.88	False
GCF_001022155	5264	5036	10	genus	0.86	0.82	0.1	0.11	0.27	0.95	0.78	True
GCF_002192675	5102	5005	162	genus	0.89	0.87	0.33	0.13	0.31	0.95	0.82	True
GCF_014101295	4426	4388	7	genus	0.84	0.84	0.01	0.03	0.06	0.94	0.79	True
GCF_005281025	4854	4798	107	genus	0.9	0.89	0.3	0.06	0.13	0.97	0.86	True
ERQ0156	5157	4965	190	genus	0.85	0.82	0.26	0.1	0.24	0.95	0.78	True
GCF_015965555	5068	4979	189	species	0.91	0.89	0.02	0.04	0.09	0.99	0.89	True
GCF_014679775	4557	4516	1	kingdom	1.0	0.99	0.0	0.0	0.0	0.97	0.96	True
GCF_000937505	5680	5518	19	family	0.92	0.89	0.73	0.03	0.07	0.93	0.83	False
GCF_001880955	5306	5059	157	family	0.94	0.9	0.74	0.03	0.06	0.93	0.84	False
GCF_018441285	4998	4908	75	genus	0.88	0.86	0.46	0.1	0.23	0.96	0.82	False
GCF_019270335	4420	4360	1	kingdom	1.0	0.99	0.0	0.0	0.0	0.94	0.93	True
DB_3_C11	5312	5178	254	family	0.92	0.9	0.68	0.03	0.05	0.94	0.84	False
SD_5_A12	4720	4667	311	genus	0.88	0.87	0.1	0.03	0.06	0.96	0.83	True
GCF_014802805	4843	4758	144	genus	0.88	0.86	0.3	0.08	0.18	0.95	0.82	True
GCF_008370125	5400	5267	425	family	0.94	0.92	0.64	0.03	0.06	0.93	0.86	False
GCF_002903215	5354	5279	3	genus	0.84	0.83	0.05	0.12	0.3	0.95	0.79	True
ERQ0165	5301	5138	195	family	0.93	0.9	0.55	0.02	0.05	0.94	0.84	False
GCF_013792365	4826	4764	2	genus	0.87	0.86	0.01	0.08	0.17	0.95	0.82	True
GCF_002863945	5667	5442	184	family	0.93	0.9	0.66	0.05	0.12	0.92	0.83	False
GCF_003400395	5537	5403	926	phylum	1.0	0.97	0.99	0.06	0.12	0.93	0.91	False
GCF_015731115	5194	5007	91	genus	0.86	0.83	0.14	0.09	0.2	0.95	0.78	True
GCF_018421715	5300	5187	202	family	0.94	0.92	0.74	0.03	0.05	0.94	0.86	False
GCF_002386385	4559	4506	1	kingdom	1.0	0.99	0.0	0.0	0.0	0.92	0.91	True
GCF_019584005	4771	4621	111	genus	0.88	0.85	0.15	0.03	0.07	0.97	0.83	True
GCF_014333315	4191	4165	1	kingdom	1.0	0.99	0.0	0.0	0.0	0.98	0.97	True
GCF_002918575	4672	4606	15	genus	0.85	0.84	0.04	0.03	0.06	0.96	0.8	True
GCF_004801125	4614	4601	53	species	0.9	0.89	0.08	0.03	0.07	1.0	0.89	True
GCF_016500865	4700	4543	26	genus	0.87	0.84	0.02	0.04	0.08	0.95	0.8	True
GCF_016503635	4572	4528	28	genus	0.87	0.86	0.1	0.04	0.07	0.96	0.82	True
GCF_000783445	4389	4350	1	kingdom	1.0	0.99	0.0	0.0	0.0	0.97	0.96	True
GCF_000018045	4299	4282	3	kingdom	1.0	1.0	0.0	0.0	0.0	0.99	0.99	True
GCF_004005255	5165	5064	160	genus	0.87	0.86	0.33	0.12	0.29	0.95	0.81	True
GCF_016500885	4837	4745	65	genus	0.9	0.88	0.22	0.11	0.25	0.95	0.83	True
GCF_005281165	4682	4618	60	genus	0.85	0.84	0.05	0.03	0.06	0.95	0.8	True
GCF_015670485	4518	4468	22	species	0.82	0.81	0.06	0.03	0.06	0.99	0.81	True
GCF_016502045	5150	4955	69	genus	0.82	0.79	0.17	0.06	0.13	0.95	0.75	True
GCF_005281155	4482	4430	105	genus	0.88	0.87	0.15	0.03	0.07	0.96	0.83	True
GCF_009876795	4606	4530	25	species	0.85	0.83	0.01	0.03	0.07	0.99	0.83	True
GCF_003015305	4585	4532	27	genus	0.87	0.86	0.02	0.03	0.07	0.96	0.83	True
GCF_002417525	4925	4833	190	genus	0.87	0.85	0.16	0.07	0.14	0.95	0.81	True
GCF_011602505	5139	4996	3	family	0.94	0.92	0.22	0.03	0.07	0.97	0.89	True
GCF_015230995	5038	4905	56	genus	0.85	0.82	0.16	0.06	0.13	0.95	0.78	True
GCF_000277565	4852	4755	71	genus	0.89	0.87	0.2	0.11	0.25	0.95	0.83	True
GCF_016500585	5422	5291	108	genus	0.86	0.84	0.42	0.12	0.28	0.94	0.79	True
GCF_004801105	5035	4966	61	genus	0.88	0.87	0.16	0.1	0.22	0.95	0.83	True
GCF_005960425	4984	4913	3	genus	0.87	0.86	0.46	0.1	0.23	0.96	0.82	False
GCF_004023995	4997	4880	138	family	0.94	0.91	0.87	0.03	0.06	0.94	0.86	False
GCF_004801115	4853	4792	102	genus	0.89	0.88	0.21	0.1	0.22	0.95	0.84	True
GCF_010319905	4894	4822	2	family	0.95	0.93	0.82	0.03	0.06	0.95	0.88	False
GCF_002939255	4874	4793	94	genus	0.84	0.82	0.24	0.07	0.14	0.95	0.78	True
GCF_021417205	5120	5000	91	family	0.95	0.93	0.58	0.03	0.06	0.94	0.87	False
GCF_016509215	4937	4860	25	species	0.84	0.83	0.07	0.05	0.1	0.99	0.82	True
GCF_014855625	5778	5550	144	genus	0.76	0.73	0.34	0.07	0.15	0.96	0.7	True
GCF_014803025	5578	5292	115	family	0.92	0.87	0.4	0.02	0.05	0.93	0.81	True
ERQ0683	5813	5265	204	family	0.91	0.83	0.47	0.03	0.05	0.93	0.77	False
GCF_016503845	4934	4857	69	genus	0.86	0.85	0.18	0.08	0.19	0.95	0.8	True
GCF_000158355	4686	4525	9	genus	0.86	0.83	0.08	0.05	0.11	0.96	0.8	True
GCF_016502215	4531	4498	18	species	0.9	0.9	0.02	0.04	0.09	0.99	0.89	True
GCF_013745755	5025	4831	3	genus	0.84	0.81	0.09	0.13	0.31	0.93	0.75	True
ERQ0172	5548	5408	103	genus	0.85	0.82	0.43	0.15	0.38	0.95	0.78	True
GCF_001055315	4909	4790	115	genus	0.89	0.87	0.22	0.11	0.27	0.95	0.83	True
GCF_016504035	4831	4735	44	genus	0.86	0.84	0.14	0.06	0.12	0.95	0.8	True
GCF_016500875	4556	4515	29	genus	0.89	0.88	0.06	0.05	0.11	0.98	0.87	True
SD_2_G2	4604	4532	129	species	0.86	0.85	0.01	0.03	0.07	0.99	0.84	True
GCF_900446905	4745	4673	6	genus	0.89	0.88	0.06	0.09	0.21	0.94	0.83	True
ERQ0682	5458	5252	166	family	0.91	0.87	0.47	0.03	0.06	0.93	0.82	False
GCF_905219065	5264	5130	4	genus	0.83	0.81	0.03	0.1	0.22	0.95	0.77	True
GCF_013786145	5273	5073	3	genus	0.85	0.82	0.2	0.1	0.23	0.95	0.78	True
GCF_002918495	4832	4761	25	genus	0.85	0.84	0.14	0.05	0.11	0.95	0.8	True
GCF_013798355	5082	5015	4	family	0.94	0.93	0.04	0.02	0.04	0.92	0.85	True
GCF_010119415	5841	5397	156	family	0.91	0.84	0.49	0.07	0.15	0.92	0.77	False
ERQ0044	5362	5134	206	family	0.93	0.89	0.28	0.03	0.05	0.93	0.83	True
GCF_016501465	4531	4491	21	species	0.82	0.81	0.03	0.03	0.06	0.99	0.8	True
GCF_014803275	5223	5091	360	genus	0.87	0.85	0.33	0.12	0.28	0.95	0.81	True
GCF_002918465	4826	4756	21	genus	0.86	0.84	0.14	0.05	0.11	0.95	0.8	True
GCF_018443005	5210	5099	109	genus	0.87	0.85	0.44	0.13	0.3	0.95	0.81	True
GCF_018441725	5211	4972	278	genus	0.86	0.82	0.42	0.12	0.28	0.95	0.78	True
GCF_015730635	4861	4776	48	genus	0.88	0.86	0.35	0.1	0.22	0.94	0.81	True
GCF_014931625	4858	4794	72	species	0.83	0.82	0.93	0.04	0.08	0.99	0.82	False
GCF_015234875	4491	4452	24	species	0.83	0.82	0.03	0.03	0.06	0.99	0.81	True
GCF_013815045	4645	4605	1	kingdom	1.0	0.99	0.0	0.0	0.0	0.92	0.91	True
GCF_019656375	4717	4672	34	genus	0.9	0.89	0.09	0.06	0.13	0.95	0.85	True
GCF_014103655	5058	4941	11	genus	0.84	0.82	0.26	0.13	0.31	0.94	0.77	True
GCF_003471655	4440	4377	17	genus	0.89	0.88	0.06	0.02	0.05	0.96	0.84	True
GCF_005217825	5224	5018	178	genus	0.81	0.78	0.25	0.06	0.13	0.95	0.74	True
GCF_016503915	4349	4311	22	genus	0.91	0.9	0.04	0.02	0.05	0.99	0.89	True
GCF_001317155	5458	5242	253	family	0.92	0.89	0.65	0.03	0.07	0.94	0.83	False
GCF_013797615	4801	4736	3	kingdom	1.0	0.99	0.0	0.0	0.0	0.93	0.92	True
GCF_013826265	4786	4715	4	genus	0.87	0.86	0.02	0.05	0.1	0.95	0.82	True
GCF_014803265	5251	5106	503	genus	0.88	0.85	0.34	0.12	0.27	0.95	0.81	True
GCF_016501025	4576	4533	13	genus	0.88	0.87	0.02	0.03	0.07	0.98	0.86	True
GCF_002918555	5137	5015	15	family	0.93	0.91	0.09	0.03	0.05	0.89	0.81	True
GCF_021373375	4327	4294	20	genus	0.9	0.89	0.03	0.03	0.05	0.99	0.88	True
GCF_016500795	4531	4491	20	species	0.82	0.81	0.03	0.03	0.06	0.99	0.8	True
GCF_016505625	4787	4708	29	genus	0.86	0.84	0.09	0.07	0.14	0.95	0.8	True
GCF_014855915	4607	4533	45	family	0.95	0.94	0.62	0.02	0.05	0.97	0.91	False
GCF_015674715	4541	4485	24	genus	0.89	0.87	0.04	0.03	0.07	0.96	0.84	True
GCF_018342065	4758	4701	28	genus	0.86	0.85	0.06	0.08	0.18	0.94	0.79	True
GCF_021533375	4510	4427	241	species	0.82	0.81	0.34	0.03	0.06	0.99	0.8	True
GCF_900449345	4993	4917	2	family	0.96	0.94	0.13	0.02	0.05	0.94	0.88	True
GCF_016505395	4471	4421	27	genus	0.87	0.86	0.05	0.03	0.06	0.96	0.82	True
GCF_016505485	4785	4724	47	genus	0.86	0.85	0.13	0.06	0.13	0.95	0.81	True
GCF_020099335	4760	4693	3	species	0.83	0.82	0.01	0.03	0.07	0.99	0.81	True
ERQ0243	5368	5117	222	genus	0.85	0.81	0.36	0.13	0.32	0.95	0.77	True
GCF_014103475	5645	5416	23	family	0.95	0.91	0.21	0.05	0.1	0.93	0.84	True
GCF_015230755	5351	5266	130	family	0.94	0.92	0.44	0.02	0.05	0.94	0.87	True
GCF_016504865	4839	4757	44	genus	0.86	0.85	0.07	0.06	0.13	0.95	0.81	True
GCF_018106225	5241	5154	117	family	0.94	0.92	0.85	0.03	0.07	0.97	0.9	False
GCF_016859695	5331	5115	112	family	0.91	0.87	0.45	0.02	0.05	0.94	0.81	True
GCF_001482575	5094	5003	105	genus	0.91	0.89	0.42	0.16	0.39	0.95	0.85	True
GCF_001297795	4649	4596	53	species	0.84	0.83	0.01	0.04	0.07	0.99	0.82	True
GCF_009876695	4525	4460	116	species	0.85	0.84	0.02	0.03	0.07	0.99	0.83	True
GCF_009664045	5272	5173	2	genus	0.86	0.84	0.27	0.13	0.31	0.95	0.8	True
GCF_016504115	4673	4588	24	genus	0.86	0.85	0.02	0.04	0.08	0.96	0.81	True
GCF_013612875	5244	5048	5	family	0.92	0.89	0.08	0.03	0.05	0.92	0.82	True
GCF_018423095	6087	5923	970	family	0.92	0.9	0.51	0.02	0.05	0.94	0.84	False
GCF_003255895	4547	4486	1	kingdom	1.0	0.99	0.0	0.0	0.0	0.94	0.93	True
GCF_001034485	4577	4533	4	kingdom	1.0	0.99	0.0	0.0	0.0	0.94	0.93	True
GCF_015674155	5149	5023	8	genus	0.84	0.82	0.05	0.1	0.22	0.95	0.78	True
GCF_016504735	4705	4604	34	genus	0.86	0.84	0.02	0.03	0.06	0.96	0.81	True
GCF_016502055	5091	4995	80	genus	0.86	0.84	0.17	0.09	0.21	0.95	0.8	True
SG18_265_S115	4497	4434	48	genus	0.85	0.84	0.09	0.06	0.14	0.94	0.79	True
GCF_013741395	5415	5155	5	genus	0.85	0.81	0.1	0.1	0.24	0.95	0.76	True
GCF_000027085	5105	5023	4	kingdom	1.0	0.98	0.0	0.0	0.0	0.98	0.96	True
GCF_008364715	4820	4765	45	kingdom	1.0	0.99	0.0	0.0	0.0	0.98	0.97	True
GCF_014902035	5429	5206	25	family	0.91	0.88	0.35	0.02	0.05	0.94	0.82	True
GCF_902381795	4654	4580	1	kingdom	1.0	0.98	0.0	0.0	0.0	0.94	0.92	True
GCF_013890155	4702	4630	2	kingdom	1.0	0.98	0.0	0.0	0.0	0.96	0.95	True
GCF_016893745	4272	4205	1	kingdom	1.0	0.98	0.0	0.0	0.0	0.99	0.97	True
GCF_901456255	5003	4882	5	genus	0.89	0.86	0.01	0.11	0.26	0.95	0.82	True
GCF_016504365	4547	4504	3	kingdom	1.0	0.99	0.0	0.0	0.0	0.97	0.96	True
GCF_018106145	4956	4888	88	species	0.85	0.84	0.2	0.05	0.1	0.99	0.83	True
GCF_015231155	5173	5091	74	genus	0.87	0.86	0.32	0.15	0.38	0.95	0.82	True
GCF_014104005	5024	4962	3	genus	0.88	0.87	0.04	0.13	0.32	0.95	0.83	True
GCF_900446875	5103	5010	7	family	0.95	0.93	0.1	0.02	0.05	0.93	0.87	True
GCF_902373845	4723	4642	10	genus	0.87	0.86	0.06	0.06	0.13	0.96	0.82	True
GCF_004353845	5022	4923	3	genus	0.86	0.84	0.02	0.06	0.13	0.95	0.8	True
GCF_013746155	5163	4971	4	genus	0.85	0.82	0.06	0.11	0.26	0.95	0.78	True
GCF_001880845	5156	5014	191	genus	0.83	0.81	0.31	0.08	0.18	0.95	0.77	True
GCF_002919455	4832	4762	24	genus	0.85	0.84	0.13	0.05	0.11	0.95	0.8	True
GCF_014855525	5131	5023	142	family	0.94	0.92	0.58	0.02	0.04	0.94	0.87	False
GCF_013816515	5181	5027	2	genus	0.84	0.82	0.06	0.09	0.21	0.95	0.78	True
GCF_016502265	4820	4760	24	species	0.86	0.85	0.01	0.04	0.08	0.99	0.84	True
GCF_001922445	4666	4633	1	kingdom	1.0	0.99	0.0	0.0	0.0	0.94	0.93	True
GCF_013784645	4728	4655	2	genus	0.89	0.88	0.02	0.08	0.19	0.95	0.84	True
SD_9_H6	4560	4479	31	genus	0.89	0.87	0.07	0.06	0.12	0.95	0.83	True
GCF_016859715	4933	4850	88	genus	0.83	0.81	0.22	0.07	0.15	0.95	0.78	True
GCF_015558715	4708	4652	21	genus	0.88	0.87	0.11	0.06	0.14	0.95	0.82	True
GCF_001034465	4789	4603	9	genus	0.84	0.81	0.08	0.07	0.14	0.95	0.77	True
GCF_013899325	5049	4981	1	kingdom	1.0	0.99	0.0	0.0	0.0	0.93	0.92	True
GCF_002947675	4585	4536	2	kingdom	1.0	0.99	0.0	0.0	0.0	0.96	0.95	True
GCF_001413195	5076	4959	52	genus	0.84	0.82	0.07	0.07	0.16	0.95	0.78	True
GCF_014230155	5181	5098	173	family	0.94	0.92	0.81	0.03	0.07	0.94	0.87	False
GCF_001057215	4824	4696	141	genus	0.88	0.85	0.22	0.08	0.18	0.95	0.81	True
ERQ0222	5298	5086	230	family	0.94	0.9	0.68	0.05	0.1	0.93	0.84	False
GCF_013725165	5474	5263	2	family	0.91	0.88	0.05	0.02	0.05	0.94	0.82	True
GCF_001880775	5103	4948	110	family	0.93	0.9	0.7	0.02	0.05	0.94	0.84	False
GCF_017151575	5153	5075	122	genus	0.84	0.83	0.15	0.1	0.22	0.95	0.79	True
GCF_013390245	5340	5119	5	family	0.94	0.9	0.35	0.05	0.11	0.93	0.84	True
GCF_016501745	4563	4515	15	genus	0.88	0.87	0.02	0.03	0.07	0.98	0.86	True
GCF_013794885	5388	5168	4	family	0.94	0.9	0.09	0.02	0.05	0.93	0.84	True
GCF_900638065	4685	4609	1	kingdom	1.0	0.98	0.0	0.0	0.0	0.93	0.91	True
GCF_018420455	5355	5208	129	genus	0.83	0.8	0.15	0.09	0.19	0.95	0.76	True
GCF_016502165	4622	4553	44	kingdom	1.0	0.99	0.0	0.0	0.0	0.97	0.96	True
GCF_001413255	5103	4978	131	genus	0.84	0.82	0.22	0.07	0.16	0.95	0.78	True
GCF_902387635	4826	4752	1	kingdom	1.0	0.98	0.0	0.0	0.0	0.93	0.92	True
GCF_013747755	5126	5014	4	genus	0.85	0.83	0.02	0.09	0.21	0.95	0.79	True
GCF_902807235	4963	4760	144	genus	0.83	0.8	0.11	0.03	0.06	0.96	0.77	True
GCF_019502645	5037	4959	3	family	0.94	0.93	0.74	0.03	0.06	0.95	0.88	False
GCF_000783755	5193	5015	3	family	0.93	0.9	0.4	0.02	0.05	0.94	0.85	True
ERQ0233	5155	4965	131	genus	0.86	0.83	0.22	0.11	0.27	0.95	0.79	True
GCF_016894085	4189	4128	1	kingdom	1.0	0.99	0.0	0.0	0.0	0.99	0.97	True
GCF_019800295	4594	4541	41	kingdom	1.0	0.99	0.0	0.0	0.0	0.97	0.96	True
GCF_014104235	5353	5193	6	family	0.93	0.9	0.25	0.04	0.08	0.94	0.84	True
GCF_013741155	5292	5179	5	genus	0.84	0.82	0.02	0.13	0.32	0.95	0.78	True
GCF_900460975	4466	4417	3	kingdom	1.0	0.99	0.0	0.0	0.0	0.94	0.93	True
GCF_015230675	5212	5131	122	genus	0.87	0.86	0.39	0.16	0.4	0.95	0.82	True
GCF_005280845	4010	3980	78	genus	0.89	0.88	0.12	0.04	0.09	0.97	0.86	True
GCF_014803045	4623	4547	97	genus	0.88	0.87	0.17	0.05	0.11	0.96	0.83	True
GCF_902387995	5457	5379	4	species	0.71	0.7	0.47	0.15	0.37	0.96	0.68	False
GCF_009876815	4602	4530	24	species	0.85	0.83	0.01	0.03	0.07	0.99	0.83	True
GCF_015549445	4594	4541	22	genus	0.86	0.85	0.19	0.04	0.07	0.95	0.81	True
GCF_018447685	5428	5280	99	family	0.93	0.91	0.34	0.02	0.05	0.93	0.84	True
GCF_014803335	5382	5182	451	genus	0.86	0.83	0.34	0.12	0.28	0.95	0.79	True
GCF_905329885	5185	5056	6	family	0.94	0.92	0.12	0.02	0.05	0.94	0.86	True
GCF_019448455	4892	4795	72	genus	0.88	0.86	0.38	0.1	0.24	0.94	0.81	True
GCF_020889125	4911	4831	112	genus	0.88	0.86	0.23	0.09	0.21	0.95	0.82	True
GCF_000759815	4961	4876	138	species	0.91	0.9	0.03	0.04	0.09	0.99	0.89	True
GCF_001558935	4772	4732	2	kingdom	1.0	0.99	0.0	0.0	0.0	0.99	0.98	True
GCF_016939615	5276	5140	5	family	0.93	0.91	0.57	0.03	0.07	0.94	0.85	False
GCF_016505125	4487	4445	38	kingdom	1.0	0.99	0.0	0.0	0.0	0.97	0.96	True
GCF_005281265	4731	4666	67	genus	0.85	0.84	0.05	0.03	0.06	0.96	0.8	True
GCF_002151735	4727	4661	2	kingdom	1.0	0.99	0.0	0.0	0.0	0.94	0.92	True
GCF_018446835	4920	4850	98	genus	0.87	0.86	0.24	0.08	0.18	0.95	0.82	True
GCF_021729115	4761	4683	4	kingdom	1.0	0.98	0.0	0.0	0.0	0.93	0.92	True
GCF_001413095	5218	5077	161	genus	0.85	0.83	0.32	0.1	0.22	0.95	0.78	True
GCF_014855535	4776	4709	35	genus	0.84	0.83	0.02	0.03	0.06	0.96	0.8	True
GCF_005280945	4562	4492	118	genus	0.88	0.86	0.18	0.09	0.19	0.94	0.81	True
ERQ0689	5523	5289	176	family	0.9	0.86	0.45	0.03	0.06	0.93	0.8	False
GCF_018422455	4538	4497	54	kingdom	1.0	0.99	0.0	0.0	0.0	0.98	0.97	True
GCF_001880865	5729	5512	328	family	0.91	0.88	0.82	0.03	0.07	0.93	0.82	False
GCF_001034475	5149	5045	5	genus	0.85	0.84	0.26	0.12	0.29	0.95	0.79	True
GCF_016504515	4664	4617	27	genus	0.86	0.85	0.1	0.04	0.08	0.95	0.82	True
GCF_016905875	5221	5122	186	genus	0.86	0.84	0.47	0.11	0.26	0.95	0.8	False
GCF_013618825	4777	4728	78	species	0.89	0.88	0.07	0.03	0.06	0.99	0.88	True
GCF_014104375	5052	4901	12	genus	0.79	0.77	0.02	0.03	0.07	0.96	0.74	True
GCF_001412825	5010	4896	152	genus	0.83	0.81	0.23	0.05	0.1	0.95	0.77	True
GCF_001559235	4394	4343	1	kingdom	1.0	0.99	0.0	0.0	0.0	0.93	0.92	True
GCF_004152635	5200	5053	301	family	0.95	0.92	0.59	0.03	0.06	0.93	0.86	False
GCF_013882995	4294	4247	1	kingdom	1.0	0.99	0.0	0.0	0.0	0.92	0.91	True
GCF_011077325	4229	4130	44	family	0.94	0.92	0.17	0.06	0.13	0.83	0.77	True
GCF_014230185	5150	5066	146	family	0.93	0.92	0.89	0.02	0.05	0.94	0.86	False
GCF_016504085	4487	4433	20	kingdom	1.0	0.99	0.0	0.0	0.0	0.96	0.95	True
GCF_018138525	4872	4787	105	genus	0.85	0.84	0.19	0.06	0.13	0.95	0.8	True
GCF_000648515	5107	5061	2	family	0.97	0.96	0.78	0.03	0.05	0.99	0.95	False
ERQ0227	5240	5042	159	genus	0.85	0.82	0.25	0.12	0.29	0.95	0.78	True
GCF_010279875	5351	5248	153	genus	0.86	0.84	0.43	0.15	0.38	0.95	0.8	True
GCF_013816335	4725	4675	1	kingdom	1.0	0.99	0.0	0.0	0.0	0.94	0.93	True
GCF_014104775	4235	4196	3	kingdom	1.0	0.99	0.0	0.0	0.0	0.93	0.92	True
GCF_016504825	4585	4539	18	genus	0.88	0.87	0.03	0.03	0.06	0.98	0.86	True
GCF_012524235	4798	4710	3	genus	0.84	0.83	0.02	0.03	0.06	0.95	0.79	True
GCF_013925325	5136	4954	4	genus	0.84	0.81	0.08	0.14	0.35	0.94	0.76	True
GCF_014104155	5327	5129	6	genus	0.84	0.81	0.05	0.12	0.3	0.95	0.77	True
GCF_016504605	4856	4788	37	genus	0.84	0.83	0.14	0.06	0.13	0.95	0.79	True
GCF_002042885	4571	4514	38	genus	0.89	0.87	0.11	0.06	0.12	0.95	0.83	True
GCF_002215385	5506	5396	5	genus	0.8	0.79	0.1	0.11	0.25	0.95	0.75	True
GCF_004331585	4870	4683	52	genus	0.85	0.81	0.12	0.05	0.11	0.95	0.78	True
GCF_018438605	5339	5262	90	family	0.93	0.92	0.69	0.03	0.07	0.95	0.87	False
ERQ0671	5219	4933	178	genus	0.84	0.79	0.35	0.09	0.21	0.95	0.76	True
GCF_001559075	4491	4448	1	kingdom	1.0	0.99	0.0	0.0	0.0	0.95	0.94	True
GCF_016504345	4341	4323	26	genus	0.91	0.9	0.03	0.02	0.05	0.99	0.89	True
GCF_015230695	5208	5126	83	genus	0.87	0.86	0.33	0.16	0.4	0.95	0.82	True
GCF_016503495	4800	4725	34	genus	0.86	0.85	0.06	0.06	0.14	0.95	0.81	True
GCF_019660135	5045	4948	111	genus	0.9	0.88	0.37	0.15	0.37	0.95	0.84	True
GCF_016501755	4527	4453	22	genus	0.87	0.86	0.03	0.03	0.06	0.96	0.82	True
GCF_000759735	4627	4563	48	genus	0.88	0.86	0.09	0.03	0.07	0.96	0.83	True
GCF_004024405	5229	5159	137	genus	0.88	0.87	0.5	0.13	0.32	0.95	0.83	False
GCF_005281305	4460	4414	38	genus	0.92	0.92	0.05	0.03	0.05	0.97	0.89	True
GCF_014803285	5030	4940	108	genus	0.88	0.86	0.21	0.11	0.27	0.95	0.82	True
GCF_001065805	4817	4673	101	genus	0.85	0.82	0.11	0.03	0.06	0.96	0.79	True
GCF_004145665	5386	5253	272	family	0.93	0.91	0.63	0.03	0.05	0.94	0.86	False
GCF_016501405	4672	4600	27	genus	0.89	0.88	0.07	0.07	0.14	0.95	0.83	True
GCF_005280805	5968	5800	1253	class	0.99	0.97	0.95	0.02	0.05	0.93	0.9	False
GCF_016503985	4937	4860	74	genus	0.86	0.85	0.19	0.08	0.19	0.95	0.8	True
GCF_015137095	5051	4935	8	family	0.94	0.92	0.86	0.03	0.06	0.94	0.87	False
GCF_900112055	4663	4612	23	genus	0.9	0.89	0.2	0.03	0.05	0.98	0.88	True
GCF_016501985	4349	4321	23	species	0.84	0.83	0.07	0.03	0.05	0.99	0.83	True
GCF_000388155	4826	4744	73	genus	0.87	0.85	0.29	0.09	0.19	0.95	0.81	True
GCF_014803075	5655	5475	396	family	0.93	0.9	0.7	0.07	0.15	0.93	0.84	False
GCF_018066535	5577	5447	88	family	0.92	0.9	0.76	0.03	0.06	0.93	0.84	False
GCF_005281325	4465	4417	67	genus	0.89	0.88	0.19	0.05	0.11	0.95	0.84	True
GCF_018423075	5154	4949	80	genus	0.84	0.8	0.11	0.06	0.14	0.95	0.76	True
GCF_016428845	6398	5083	394	genus	0.8	0.63	0.35	0.06	0.13	0.95	0.6	True
GCF_005281215	4303	4252	119	genus	0.87	0.86	0.09	0.02	0.05	0.96	0.82	True
GCF_013728095	5363	5173	2	family	0.93	0.9	0.06	0.03	0.06	0.94	0.84	True
GCF_018421575	4991	4894	255	genus	0.88	0.86	0.37	0.12	0.27	0.95	0.81	True
GCF_013821695	4303	4256	1	kingdom	1.0	0.99	0.0	0.0	0.0	0.92	0.91	True
GCF_016504485	4689	4628	31	genus	0.86	0.85	0.07	0.05	0.12	0.96	0.81	True
GCF_019270375	4188	4119	1	kingdom	1.0	0.98	0.0	0.0	0.0	0.95	0.93	True
GCF_016507855	4265	4229	30	kingdom	1.0	0.99	0.0	0.0	0.0	0.98	0.97	True
GCF_001463265	4888	4787	73	family	0.96	0.94	0.87	0.04	0.09	0.97	0.91	False
DB_3_D2	5416	5265	284	order	0.96	0.93	0.89	0.03	0.06	0.93	0.87	False
GCF_014802905	5439	5235	137	family	0.92	0.89	0.54	0.03	0.06	0.94	0.83	False
GCF_902506695	5046	4968	123	family	0.95	0.93	0.87	0.03	0.06	0.97	0.91	False
GCF_014333035	4692	4637	107	species	0.83	0.82	0.02	0.03	0.07	0.99	0.81	True
GCF_014189375	5221	5114	2	family	0.93	0.91	0.51	0.02	0.05	0.94	0.86	False
GCF_002189125	4917	4831	72	genus	0.87	0.86	0.5	0.09	0.21	0.95	0.82	False
GCF_019399955	4811	4713	10	genus	0.83	0.82	0.1	0.05	0.12	0.95	0.78	True
GCF_019270355	4187	4122	1	kingdom	1.0	0.98	0.0	0.0	0.0	0.95	0.93	True
ERQ0183	5209	4835	168	genus	0.89	0.83	0.43	0.14	0.34	0.95	0.78	True
GCF_000764735	4606	4554	31	genus	0.85	0.84	0.13	0.02	0.05	0.96	0.8	True
GCF_016501935	5132	5008	64	genus	0.87	0.85	0.31	0.14	0.36	0.93	0.79	True
GCF_016501295	4523	4472	24	genus	0.88	0.87	0.07	0.03	0.07	0.96	0.83	True
ERQ0213	5466	5303	193	family	0.94	0.91	0.44	0.05	0.1	0.93	0.84	True
GCF_009721345	4635	4582	34	genus	0.87	0.86	0.03	0.03	0.06	0.96	0.82	True
GCF_005281255	4505	4469	38	species	0.89	0.89	0.01	0.04	0.09	0.99	0.88	True
GCF_009856875	5632	5358	399	family	0.93	0.88	0.86	0.04	0.09	0.96	0.85	False
GCF_016503935	4763	4664	56	genus	0.86	0.84	0.12	0.05	0.12	0.95	0.81	True
GCF_013425705	4829	4763	70	genus	0.86	0.85	0.18	0.04	0.09	0.95	0.81	True
GCF_016501785	4690	4628	23	genus	0.9	0.89	0.05	0.06	0.13	0.95	0.84	True
GCF_001412735	5273	5138	237	genus	0.85	0.83	0.34	0.1	0.22	0.95	0.79	True
GCF_003812325	4611	4564	1	kingdom	1.0	0.99	0.0	0.0	0.0	0.94	0.93	True
GCF_018423215	4915	4836	147	genus	0.9	0.88	0.31	0.13	0.31	0.95	0.84	True
GCF_014337295	4991	4887	5	family	0.96	0.94	0.34	0.02	0.05	0.94	0.88	True
GCF_003363295	4937	4805	140	genus	0.86	0.84	0.15	0.06	0.13	0.95	0.79	True
GCF_016501115	5059	4893	81	species	0.83	0.81	0.17	0.04	0.09	0.99	0.8	True
GCF_014902055	4815	4759	5	genus	0.9	0.89	0.08	0.1	0.24	0.95	0.84	True
GCF_009821555	5251	5151	83	genus	0.85	0.84	0.39	0.1	0.23	0.95	0.8	True
GCF_001059745	4836	4740	184	genus	0.87	0.85	0.28	0.06	0.13	0.95	0.81	True
ERQ0678	5710	5327	214	family	0.9	0.84	0.5	0.03	0.07	0.93	0.78	False
GCF_013337015	4937	4857	10	family	0.96	0.95	0.77	0.03	0.06	0.94	0.89	False
GCF_001411885	4527	4485	6	kingdom	1.0	0.99	0.0	0.0	0.0	0.94	0.93	True
GCF_019270215	4126	4065	1	kingdom	1.0	0.99	0.0	0.0	0.0	0.95	0.93	True
GCF_019270575	4186	4120	1	kingdom	1.0	0.98	0.0	0.0	0.0	0.95	0.93	True
GCF_002850715	5371	5236	64	genus	0.81	0.79	0.19	0.07	0.16	0.95	0.75	True
ERQ0045	4913	4843	68	genus	0.87	0.86	0.15	0.09	0.2	0.95	0.82	True
GCF_016501905	4689	4626	22	genus	0.9	0.89	0.05	0.06	0.13	0.95	0.84	True
GCF_009821375	5299	5078	114	genus	0.82	0.79	0.14	0.06	0.13	0.95	0.75	True
ERQ0154	5316	5102	245	genus	0.85	0.82	0.34	0.13	0.31	0.95	0.78	True
GCF_004167485	4622	4549	29	species	0.84	0.83	0.01	0.03	0.07	0.99	0.82	True
GCF_016507545	4270	4237	24	species	0.85	0.84	0.09	0.03	0.05	0.99	0.83	True
GCF_018502305	4117	4061	1	kingdom	1.0	0.99	0.0	0.0	0.0	0.98	0.97	True
GCF_016505605	4487	4444	17	genus	0.9	0.89	0.03	0.03	0.06	0.99	0.88	True
GCF_013085885	4632	4539	3	family	0.96	0.94	0.7	0.02	0.04	0.94	0.88	False
GCF_001055295	4905	4785	126	genus	0.89	0.87	0.22	0.11	0.27	0.95	0.83	True
GCF_001867255	5233	5110	216	family	0.92	0.9	0.58	0.02	0.05	0.93	0.84	False
GCF_008370135	5204	5039	210	genus	0.87	0.84	0.49	0.11	0.24	0.95	0.8	False
GCF_016500505	5046	4879	59	genus	0.84	0.81	0.12	0.06	0.12	0.95	0.77	True
GCF_016504495	4752	4673	60	family	0.97	0.95	0.54	0.02	0.05	0.94	0.89	False
GCF_019281555	4868	4785	85	genus	0.87	0.86	0.27	0.02	0.05	0.98	0.84	True
GCF_018442145	5237	5128	115	genus	0.84	0.83	0.33	0.12	0.29	0.94	0.78	True
GCF_019047765	4717	4644	3	genus	0.86	0.84	0.01	0.07	0.16	0.95	0.8	True
GCF_016501865	5071	4990	102	genus	0.87	0.85	0.19	0.1	0.22	0.95	0.81	True
GCF_001880905	5295	5206	101	class	0.99	0.98	0.52	0.02	0.04	0.93	0.91	False
GCF_016500805	4485	4448	15	species	0.83	0.82	0.04	0.03	0.06	0.99	0.81	True
GCF_002880615	5023	4945	2	kingdom	1.0	0.98	0.0	0.0	0.0	0.93	0.92	True
GCF_019659905	4960	4866	57	genus	0.86	0.85	0.12	0.08	0.18	0.95	0.81	True
GCF_016905625	5234	5115	172	genus	0.86	0.84	0.44	0.12	0.27	0.94	0.79	True
GCF_013266895	5105	5032	285	genus	0.86	0.85	0.48	0.11	0.24	0.95	0.81	False
GCF_016505445	4788	4719	2	genus	0.86	0.84	0.27	0.06	0.14	0.96	0.81	True
GCF_018420365	4895	4811	116	family	0.96	0.94	0.92	0.03	0.06	0.94	0.89	False
GCF_013724765	5231	5044	3	genus	0.87	0.84	0.05	0.1	0.24	0.95	0.79	True
GCF_018420675	4675	4612	50	genus	0.85	0.84	0.05	0.04	0.08	0.95	0.8	True
GCF_016461655	4731	4678	90	genus	0.87	0.86	0.15	0.07	0.15	0.95	0.82	True
GCF_020034515	4753	4709	1	kingdom	1.0	0.99	0.0	0.0	0.0	0.93	0.92	True
GCF_013791065	5283	5187	3	genus	0.88	0.86	0.13	0.15	0.38	0.94	0.81	True
GCF_019660345	5129	5029	86	genus	0.88	0.87	0.18	0.11	0.27	0.95	0.82	True
GCF_002863965	4311	4269	32	genus	0.91	0.9	0.04	0.03	0.05	0.99	0.89	True
ERQ0250	5079	4996	94	genus	0.88	0.87	0.2	0.13	0.33	0.95	0.82	True
GCF_001412795	5079	4954	44	genus	0.84	0.82	0.05	0.07	0.15	0.95	0.78	True
GCF_020215855	4934	4820	95	genus	0.87	0.85	0.38	0.1	0.24	0.94	0.81	True
GCF_014803315	4955	4828	1032	genus	0.85	0.83	0.38	0.09	0.21	0.95	0.79	True
GCF_019270315	4149	4083	1	kingdom	1.0	0.98	0.0	0.0	0.0	0.93	0.92	True
GCF_018446045	4924	4846	109	family	0.96	0.94	0.92	0.03	0.06	0.94	0.89	False
GCF_009876755	4619	4546	25	species	0.84	0.83	0.01	0.03	0.07	0.99	0.82	True
GCF_016502005	4634	4581	28	species	0.82	0.81	0.08	0.05	0.12	0.99	0.8	True
GCF_014596835	4346	4280	32	genus	0.87	0.86	0.05	0.04	0.07	0.95	0.82	True
GCF_005280825	4351	4303	115	genus	0.88	0.87	0.23	0.08	0.18	0.94	0.81	True
GCF_004331535	5151	4963	75	genus	0.84	0.81	0.28	0.08	0.19	0.95	0.77	True
GCF_016859065	4862	4726	85	genus	0.88	0.85	0.08	0.06	0.14	0.95	0.81	True
ERQ0173	5425	5177	171	genus	0.83	0.79	0.26	0.11	0.26	0.95	0.75	True
GCF_013746415	5157	4964	4	genus	0.84	0.81	0.06	0.11	0.27	0.95	0.77	True
GCF_001546285	4612	4552	23	genus	0.88	0.87	0.04	0.04	0.08	0.96	0.83	True
GCF_009876705	4620	4545	24	species	0.84	0.83	0.01	0.03	0.07	0.99	0.82	True
GCF_900446975	4750	4711	3	kingdom	1.0	0.99	0.0	0.0	0.0	0.97	0.96	True
GCF_009648935	4522	4473	1	kingdom	1.0	0.99	0.0	0.0	0.0	0.93	0.92	True
GCF_900520335	5177	5084	5	family	0.95	0.93	0.21	0.02	0.05	0.94	0.87	True
GCF_900080005	4858	4801	48	genus	0.89	0.88	0.09	0.06	0.13	0.95	0.83	True
GCF_016503385	4431	4405	29	genus	0.9	0.89	0.03	0.02	0.05	0.99	0.88	True
GCF_002918855	5083	4971	117	family	0.94	0.92	0.87	0.03	0.07	0.95	0.87	False
GCF_014903125	5468	5330	22	genus	0.81	0.79	0.7	0.05	0.1	0.98	0.78	False
SG18_138_1_S32	4319	4257	26	genus	0.88	0.87	0.04	0.03	0.06	0.95	0.83	True
ERQ0685	5614	5374	172	family	0.92	0.88	0.46	0.05	0.11	0.93	0.82	False
GCF_009857035	5028	4961	3	family	0.94	0.93	0.8	0.03	0.06	0.94	0.88	False
GCF_004801555	4958	4893	4	genus	0.9	0.89	0.06	0.12	0.27	0.95	0.84	True
GCF_005280855	3934	3872	84	genus	0.87	0.85	0.08	0.04	0.08	0.95	0.81	True
GCF_016504105	4628	4572	14	genus	0.86	0.85	0.02	0.03	0.07	0.96	0.81	True
GCF_014926275	4892	4823	249	genus	0.87	0.86	0.63	0.11	0.24	0.96	0.82	False
GCF_000759835	4292	4277	30	kingdom	1.0	1.0	0.0	0.0	0.0	0.99	0.99	True
GCF_019265345	4167	4101	1	kingdom	1.0	0.98	0.0	0.0	0.0	0.95	0.93	True
GCF_003938205	4704	4640	17	genus	0.87	0.86	0.09	0.06	0.12	0.95	0.82	True
GCF_016501325	4833	4765	105	genus	0.9	0.88	0.22	0.1	0.22	0.95	0.84	True
GCF_016500905	4581	4532	15	species	0.81	0.8	0.04	0.03	0.07	0.99	0.8	True
GCF_005281045	4698	4645	107	genus	0.91	0.9	0.15	0.08	0.18	0.95	0.85	True
GCF_002215605	4652	4579	1	kingdom	1.0	0.98	0.0	0.0	0.0	0.94	0.92	True
GCF_014189285	5276	5161	2	family	0.93	0.91	0.5	0.02	0.04	0.94	0.86	False
GCF_013899425	4604	4523	1	kingdom	1.0	0.98	0.0	0.0	0.0	0.94	0.92	True
GCF_016503645	5032	4932	83	genus	0.88	0.87	0.38	0.1	0.23	0.95	0.82	True
GCF_018919505	4846	4794	452	genus	0.93	0.92	0.27	0.02	0.05	0.99	0.91	True
GCF_003429605	4861	4789	37	genus	0.85	0.83	0.14	0.11	0.27	0.93	0.78	True
GCF_013168955	5367	5162	92	family	0.93	0.89	0.58	0.03	0.07	0.94	0.83	False
GCF_002796505	4671	4599	2	kingdom	1.0	0.98	0.0	0.0	0.0	0.94	0.92	True
GCF_016505385	5040	4968	47	genus	0.89	0.87	0.18	0.1	0.23	0.95	0.83	True
GCF_009730355	4808	4749	4	genus	0.89	0.88	0.01	0.08	0.18	0.95	0.84	True
GCF_003401455	5384	5287	446	genus	0.89	0.88	0.41	0.16	0.39	0.95	0.83	True
GCF_001413215	5107	4982	135	genus	0.84	0.82	0.23	0.07	0.16	0.95	0.78	True
GCF_000342325	4585	4497	21	genus	0.91	0.89	0.06	0.08	0.17	0.95	0.85	True
ERQ0212	5348	5192	137	family	0.92	0.89	0.43	0.03	0.05	0.94	0.84	True
GCF_000692135	4894	4842	4	genus	0.85	0.85	0.04	0.02	0.05	0.99	0.83	True
GCF_001412725	5055	4946	204	genus	0.85	0.83	0.25	0.07	0.15	0.95	0.79	True
GCF_001471775	4716	4627	13	species	0.82	0.81	0.03	0.06	0.12	0.99	0.8	True
GCF_016894105	4242	4180	1	kingdom	1.0	0.99	0.0	0.0	0.0	0.99	0.97	True
GCF_013816795	4501	4450	2	kingdom	1.0	0.99	0.0	0.0	0.0	0.97	0.96	True
GCF_003665575	4289	4241	1	kingdom	1.0	0.99	0.0	0.0	0.0	0.94	0.93	True
GCF_005280915	4545	4496	92	genus	0.87	0.87	0.26	0.06	0.13	0.95	0.83	True
GCF_016502105	4403	4356	22	genus	0.89	0.88	0.03	0.03	0.06	0.96	0.84	True
ERQ0216	5046	4930	146	genus	0.86	0.84	0.28	0.11	0.27	0.95	0.8	True
GCF_016939655	5335	5238	6	family	0.94	0.92	0.72	0.03	0.07	0.94	0.87	False
GCF_016505225	4598	4519	37	kingdom	1.0	0.98	0.0	0.0	0.0	0.96	0.94	True
ERQ0255	5211	5010	181	genus	0.85	0.81	0.27	0.11	0.25	0.95	0.78	True
GCF_018442185	5481	5267	106	order	0.96	0.93	0.63	0.04	0.09	0.93	0.86	False
GCF_021417265	4988	4904	140	genus	0.86	0.85	0.33	0.09	0.2	0.95	0.8	True
GCF_013782845	5104	4905	8	family	0.92	0.89	0.27	0.03	0.05	0.94	0.83	True
GCF_016504635	4553	4507	23	species	0.82	0.81	0.05	0.03	0.06	0.99	0.8	True
ERQ0175	5410	5251	235	family	0.95	0.92	0.48	0.05	0.12	0.93	0.85	False
GCF_001586845	5034	4922	67	genus	0.84	0.82	0.15	0.07	0.16	0.95	0.78	True
GCF_013784225	4504	4467	1	kingdom	1.0	0.99	0.0	0.0	0.0	0.93	0.92	True
GCF_013614655	5048	4990	2	genus	0.91	0.9	0.33	0.12	0.29	0.95	0.86	True
GCF_001412715	5038	4923	47	genus	0.84	0.82	0.13	0.07	0.15	0.95	0.78	True
GCF_016503565	4509	4467	31	species	0.82	0.81	0.08	0.03	0.06	0.99	0.8	True
GCF_016508125	4473	4411	36	genus	0.87	0.86	0.09	0.03	0.07	0.95	0.81	True
GCF_013792125	4981	4906	2	genus	0.87	0.85	0.03	0.13	0.32	0.93	0.8	True
GCF_016505465	4517	4467	22	genus	0.87	0.86	0.04	0.03	0.05	0.96	0.82	True
GCF_018106165	4961	4895	98	species	0.85	0.84	0.2	0.05	0.1	0.99	0.83	True
GCF_016128275	4304	4288	3	kingdom	1.0	1.0	0.0	0.0	0.0	0.99	0.99	True
GCF_016500725	4442	4405	22	genus	0.91	0.9	0.04	0.06	0.14	0.95	0.86	True
GCF_013874155	5308	5164	3	genus	0.86	0.83	0.32	0.13	0.32	0.96	0.79	True
GCF_013889875	4311	4281	1	kingdom	1.0	0.99	0.0	0.0	0.0	0.98	0.97	True
GCF_016503625	5143	5049	82	genus	0.84	0.83	0.21	0.1	0.22	0.95	0.78	True
GCF_901456285	5184	5047	25	genus	0.87	0.85	0.12	0.12	0.3	0.95	0.8	True
GCF_014332945	4796	4679	35	family	0.95	0.93	0.23	0.02	0.04	0.93	0.87	True
GCF_009905315	4657	4601	1	kingdom	1.0	0.99	0.0	0.0	0.0	0.94	0.92	True
GCF_905335685	5751	5561	8	family	0.93	0.9	0.33	0.04	0.08	0.93	0.83	True
GCF_904425445	5265	5154	2	genus	0.86	0.84	0.22	0.12	0.27	0.94	0.79	True
ERQ0246	5094	4974	150	genus	0.83	0.81	0.31	0.09	0.21	0.95	0.78	True
GCF_002208845	4460	4419	1	kingdom	1.0	0.99	0.0	0.0	0.0	0.94	0.93	True
GCF_013738635	5323	5090	5	genus	0.85	0.81	0.08	0.11	0.26	0.95	0.77	True
GCF_004331565	5319	5122	97	genus	0.85	0.81	0.15	0.09	0.22	0.95	0.77	True
GCF_016502115	4639	4598	69	genus	0.89	0.88	0.13	0.09	0.2	0.95	0.84	True
GCF_018421475	4908	4752	102	genus	0.85	0.82	0.23	0.06	0.14	0.95	0.78	True
GCF_020559475	4652	4609	27	genus	0.88	0.87	0.03	0.03	0.07	0.96	0.83	True
GCF_014230105	5206	5119	199	genus	0.86	0.85	0.34	0.11	0.25	0.95	0.8	True
ERQ0200	5220	5020	130	genus	0.86	0.83	0.26	0.13	0.31	0.95	0.79	True
GCF_016505245	4714	4649	41	genus	0.89	0.87	0.11	0.07	0.16	0.95	0.83	True
GCF_902160855	4655	4593	55	genus	0.86	0.85	0.12	0.06	0.12	0.95	0.81	True
GCF_019660715	4631	4565	75	genus	0.88	0.87	0.13	0.08	0.17	0.95	0.83	True
ERQ0043	4918	4849	77	genus	0.87	0.86	0.17	0.09	0.2	0.95	0.82	True
GCF_004795555	5175	4983	140	family	0.93	0.9	0.87	0.03	0.06	0.94	0.84	False
GCF_013739375	4823	4755	5	genus	0.9	0.89	0.05	0.11	0.25	0.95	0.84	True
ERQ0160	5286	5105	283	family	0.94	0.91	0.69	0.04	0.09	0.93	0.84	False
GCF_019584605	4621	4560	49	genus	0.88	0.86	0.08	0.08	0.18	0.95	0.82	True
GCF_018439245	4829	4753	47	genus	0.87	0.86	0.11	0.07	0.16	0.95	0.82	True
GCF_004181995	4488	4426	112	genus	0.88	0.87	0.16	0.02	0.05	0.99	0.86	True
GCF_018446035	4754	4666	117	genus	0.9	0.88	0.2	0.07	0.16	0.95	0.84	True
GCF_010588075	5199	5074	570	class	0.96	0.94	0.98	0.05	0.11	0.96	0.9	False
GCF_014855945	5236	5023	115	genus	0.85	0.82	0.24	0.11	0.27	0.95	0.77	True
GCF_013336915	5895	5633	12	family	0.9	0.86	0.45	0.07	0.15	0.93	0.8	True
GCF_018421175	5105	4991	107	genus	0.88	0.86	0.19	0.12	0.27	0.95	0.82	True
GCF_009664065	5398	5240	3	genus	0.85	0.82	0.28	0.14	0.33	0.95	0.78	True
GCF_016501555	4379	4349	17	kingdom	1.0	0.99	0.0	0.0	0.0	0.97	0.97	True
GCF_005281115	4825	4755	76	genus	0.88	0.86	0.19	0.04	0.08	0.97	0.84	True
GCF_002151785	4918	4777	4	genus	0.84	0.82	0.01	0.03	0.07	0.96	0.78	True
GCF_015666935	5028	4865	56	genus	0.83	0.8	0.15	0.06	0.14	0.95	0.77	True
GCF_001037505	5415	5149	9	family	0.93	0.88	0.45	0.03	0.07	0.93	0.82	False
ERQ0186	5044	4929	123	genus	0.87	0.85	0.22	0.1	0.24	0.95	0.8	True
GCF_018422995	5001	4914	89	genus	0.87	0.86	0.54	0.1	0.22	0.96	0.82	False
GCF_014803055	4923	4835	132	family	0.94	0.92	0.51	0.02	0.04	0.94	0.87	False
GCF_014169975	4982	4926	4	genus	0.87	0.86	0.07	0.1	0.23	0.95	0.81	True
GCF_014596845	4782	4732	46	kingdom	1.0	0.99	0.0	0.0	0.0	0.98	0.97	True
GCF_014859035	4931	4872	2	kingdom	1.0	0.99	0.0	0.0	0.0	0.96	0.95	True
GCF_014802995	5176	5053	126	genus	0.87	0.85	0.24	0.12	0.27	0.95	0.81	True
GCF_016906145	4167	4091	1	kingdom	1.0	0.98	0.0	0.0	0.0	0.98	0.97	True
GCF_013730455	4682	4626	4	genus	0.9	0.89	0.04	0.11	0.25	0.95	0.85	True
GCF_014802945	5061	4960	134	genus	0.88	0.86	0.23	0.11	0.27	0.95	0.82	True
GCF_009295665	5886	5656	357	order	0.96	0.92	1.0	0.02	0.05	0.92	0.85	False
GCF_008693945	4188	4169	1	kingdom	1.0	1.0	0.0	0.0	0.0	0.98	0.98	True
GCF_014596855	4343	4275	29	genus	0.87	0.86	0.03	0.03	0.07	0.95	0.82	True
GCF_018439745	4951	4852	96	genus	0.86	0.84	0.14	0.07	0.15	0.95	0.8	True
GCF_016505085	4791	4734	61	genus	0.87	0.86	0.13	0.09	0.19	0.95	0.82	True
GCF_019661085	4960	4889	52	genus	0.89	0.88	0.17	0.09	0.19	0.95	0.83	True
GCF_008693645	4638	4596	2	kingdom	1.0	0.99	0.0	0.0	0.0	0.97	0.96	True
GCF_000692115	5377	5193	18	family	0.94	0.91	0.58	0.04	0.07	0.94	0.85	False
GCF_003362775	5188	4946	111	genus	0.83	0.79	0.25	0.08	0.17	0.95	0.75	True
GCF_001413125	5204	5067	145	genus	0.85	0.83	0.32	0.1	0.22	0.95	0.78	True
GCF_016894025	4274	4208	1	kingdom	1.0	0.98	0.0	0.0	0.0	0.99	0.97	True
GCF_020889185	5363	5204	270	genus	0.84	0.82	0.63	0.07	0.16	0.98	0.8	False
GCF_016504015	4658	4580	38	genus	0.88	0.86	0.07	0.05	0.11	0.95	0.82	True
GCF_018444505	5323	5099	172	genus	0.83	0.79	0.3	0.08	0.18	0.95	0.75	True
GCF_013726215	4433	4373	1	kingdom	1.0	0.99	0.0	0.0	0.0	0.92	0.91	True
GCF_020593155	4662	4614	48	genus	0.88	0.87	0.04	0.03	0.07	0.96	0.83	True
GCF_000982845	4578	4520	19	genus	0.9	0.89	0.04	0.06	0.12	0.95	0.85	True
GCF_009647535	4684	4623	141	genus	0.88	0.86	0.23	0.05	0.12	0.95	0.82	True
GCF_019731375	4729	4690	72	species	0.9	0.89	0.15	0.07	0.14	0.99	0.88	True
GCF_001022685	5210	5123	126	family	0.94	0.93	0.88	0.03	0.06	0.95	0.88	False
GCF_003665675	4940	4870	2	kingdom	1.0	0.99	0.0	0.0	0.0	0.93	0.92	True
GCF_009910785	4640	4565	16	genus	0.86	0.85	0.06	0.03	0.05	0.96	0.81	True
GCF_004331635	4696	4615	24	genus	0.84	0.82	0.07	0.03	0.07	0.96	0.79	True
GCF_009881155	4616	4540	33	species	0.84	0.83	0.01	0.03	0.07	0.99	0.82	True
GCF_014802845	5458	5282	198	family	0.93	0.9	0.56	0.03	0.06	0.93	0.84	False
GCF_016504005	4814	4738	34	genus	0.89	0.88	0.08	0.07	0.15	0.95	0.84	True
GCF_004305705	4938	4822	13	genus	0.85	0.83	0.23	0.06	0.14	0.95	0.79	True
GCF_016502965	4577	4534	32	genus	0.89	0.88	0.12	0.08	0.18	0.96	0.84	True
GCF_013747275	4848	4780	3	kingdom	1.0	0.99	0.0	0.0	0.0	0.93	0.91	True
GCF_015134935	5032	4939	5	family	0.94	0.93	0.85	0.03	0.06	0.94	0.87	False
GCF_002114305	4944	4862	41	species	0.85	0.83	0.06	0.06	0.12	0.99	0.82	True
GCF_905232395	4601	4533	2	kingdom	1.0	0.99	0.0	0.0	0.0	0.94	0.92	True
GCF_019270235	4328	4285	1	kingdom	1.0	0.99	0.0	0.0	0.0	0.94	0.93	True
GCF_016500765	5421	5231	87	genus	0.81	0.78	0.28	0.1	0.23	0.95	0.74	True
GCF_016507635	4659	4603	30	genus	0.87	0.86	0.04	0.04	0.09	0.95	0.82	True
GCF_016406035	4459	4413	34	genus	0.91	0.9	0.08	0.05	0.11	0.95	0.86	True
GCF_016503265	5171	4968	147	genus	0.87	0.83	0.29	0.11	0.27	0.95	0.79	True
GCF_900079785	4746	4697	1	kingdom	1.0	0.99	0.0	0.0	0.0	0.97	0.96	True
GCF_004153245	5051	4927	177	family	0.95	0.93	0.53	0.03	0.05	0.94	0.87	False
GCF_016505295	4207	4184	17	species	0.86	0.86	0.03	0.02	0.05	0.99	0.85	True
GCF_016500825	4462	4427	14	species	0.83	0.82	0.04	0.03	0.06	0.99	0.82	True
GCF_016133805	5080	4955	97	genus	0.9	0.88	0.32	0.14	0.35	0.94	0.82	True
GCF_005281015	4740	4649	133	family	0.96	0.94	0.45	0.02	0.04	0.93	0.88	True
GCF_902506715	5026	4951	101	family	0.95	0.93	0.87	0.03	0.06	0.97	0.91	False
GCF_016505645	4648	4561	36	genus	0.88	0.86	0.11	0.06	0.12	0.95	0.82	True
GCF_004004705	5965	5766	712	family	0.93	0.9	0.53	0.03	0.06	0.93	0.84	False
GCF_905335675	5055	4975	31	genus	0.85	0.83	0.07	0.08	0.18	0.95	0.79	True
GCF_900169625	5354	5235	253	family	0.93	0.91	0.55	0.06	0.13	0.93	0.85	False
GCF_018423195	5570	5413	560	genus	0.86	0.83	0.32	0.12	0.29	0.95	0.79	True
GCF_014855935	5091	4993	141	family	0.94	0.92	0.57	0.02	0.04	0.94	0.87	False
GCF_001413035	5203	5065	139	genus	0.85	0.83	0.32	0.1	0.22	0.95	0.78	True
GCF_000582615	4632	4564	62	genus	0.9	0.88	0.08	0.06	0.12	0.95	0.84	True
GCF_009876715	4619	4546	27	species	0.84	0.83	0.01	0.03	0.07	0.99	0.82	True
GCF_013604545	5148	4945	5	genus	0.86	0.83	0.11	0.11	0.25	0.95	0.79	True
GCF_015135215	5120	5026	9	family	0.91	0.89	0.75	0.03	0.07	0.95	0.84	False
GCF_021440745	4894	4831	68	family	0.97	0.96	0.53	0.02	0.04	0.94	0.9	False
GCF_016501285	5096	5004	32	genus	0.86	0.84	0.07	0.05	0.11	0.95	0.8	True
GCF_010365585	5027	4900	4	family	0.95	0.92	0.83	0.03	0.06	0.95	0.88	False
GCF_010597685	5084	4813	367	order	0.95	0.9	0.91	0.02	0.05	0.93	0.84	False
GCF_003204265	5905	5764	9	genus	0.79	0.77	0.55	0.07	0.16	0.97	0.75	False
GCF_001037495	4558	4554	2	kingdom	1.0	1.0	0.0	0.0	0.0	1.0	0.99	True
GCF_013724425	5200	5007	3	genus	0.84	0.81	0.05	0.12	0.27	0.95	0.77	True
GCF_905232515	5396	5197	5	family	0.94	0.9	0.13	0.02	0.05	0.94	0.85	True
GCF_020341495	4654	4597	4	genus	0.9	0.89	0.07	0.03	0.06	0.97	0.86	True
GCF_017151475	5887	5673	734	family	0.87	0.84	1.0	0.03	0.07	0.94	0.79	False
GCF_009876765	4613	4541	22	kingdom	1.0	0.98	0.0	0.0	0.0	0.96	0.95	True
GCF_018445825	5099	4961	65	genus	0.88	0.86	0.2	0.13	0.31	0.95	0.81	True
GCF_016505025	4475	4431	26	genus	0.89	0.88	0.06	0.04	0.08	0.95	0.84	True
GCF_905232555	5275	5158	6	family	0.95	0.93	0.66	0.02	0.04	0.94	0.87	False
GCF_002417535	4703	4642	94	genus	0.87	0.86	0.11	0.04	0.08	0.96	0.82	True
GCF_016503115	4556	4501	28	genus	0.89	0.88	0.12	0.05	0.11	0.95	0.84	True
GCF_018446995	4814	4726	112	genus	0.87	0.86	0.26	0.08	0.18	0.95	0.82	True
GCF_003687835	5290	5158	360	family	0.93	0.91	0.51	0.02	0.05	0.94	0.85	False
ERQ0152	5334	5117	267	genus	0.85	0.82	0.37	0.13	0.32	0.95	0.78	True
GCF_902160945	4663	4598	58	genus	0.86	0.85	0.12	0.06	0.12	0.95	0.81	True
GCF_014103735	5398	5280	21	family	0.94	0.92	0.27	0.02	0.05	0.93	0.86	True
GCF_002252065	5442	5291	172	family	0.92	0.89	0.54	0.02	0.05	0.93	0.83	False
GCF_016503575	4668	4606	37	genus	0.86	0.85	0.04	0.04	0.08	0.95	0.81	True
GCF_016502085	4642	4601	20	genus	0.87	0.86	0.03	0.03	0.06	0.96	0.82	True
GCF_002042945	5106	4971	47	genus	0.84	0.82	0.12	0.06	0.14	0.95	0.78	True
GCF_008373795	4642	4556	56	genus	0.87	0.85	0.08	0.06	0.14	0.95	0.81	True
GCF_018442425	5050	4955	62	genus	0.87	0.86	0.14	0.1	0.23	0.95	0.81	True
GCF_019764095	5089	4966	36	genus	0.88	0.85	0.49	0.09	0.21	0.95	0.82	False
GCF_002843195	4548	4496	45	genus	0.9	0.89	0.11	0.06	0.13	0.95	0.85	True
GCF_002239605	5275	5062	140	family	0.93	0.89	0.65	0.06	0.12	0.93	0.83	False
GCF_013170055	4843	4758	65	genus	0.86	0.85	0.15	0.09	0.2	0.95	0.8	True
GCF_001702455	5362	5254	4	genus	0.86	0.85	0.3	0.13	0.32	0.95	0.8	True
GCF_015668675	4521	4473	27	genus	0.88	0.87	0.04	0.05	0.1	0.95	0.84	True
GCF_014802955	5111	5007	115	genus	0.88	0.86	0.23	0.12	0.27	0.95	0.81	True
GCF_016503685	4424	4387	35	species	0.88	0.87	0.01	0.03	0.07	0.99	0.86	True
GCF_013705425	5116	4943	15	family	0.92	0.89	0.27	0.02	0.05	0.93	0.82	True
GCF_013170035	5286	5081	155	genus	0.85	0.82	0.38	0.11	0.25	0.95	0.78	True
GCF_013797345	4859	4786	3	kingdom	1.0	0.98	0.0	0.0	0.0	0.93	0.92	True
GCF_013590555	5201	4998	5	genus	0.88	0.85	0.09	0.13	0.32	0.95	0.8	True
GCF_003665595	5072	5004	1	kingdom	1.0	0.99	0.0	0.0	0.0	0.93	0.92	True
GCF_019802365	5533	5377	359	genus	0.83	0.81	0.89	0.05	0.11	0.98	0.79	False
GCF_018438555	5621	5379	280	family	0.92	0.88	0.6	0.04	0.08	0.93	0.83	False
GCF_018447695	4802	4736	80	genus	0.85	0.84	0.05	0.04	0.09	0.95	0.8	True
GCF_018446095	5005	4923	110	genus	0.87	0.86	0.56	0.09	0.21	0.96	0.82	False
GCF_013796805	5369	5170	6	genus	0.84	0.81	0.06	0.13	0.3	0.95	0.77	True
GCF_013371705	5027	4924	4	family	0.95	0.93	0.85	0.03	0.06	0.95	0.88	False
GCF_003070705	5042	4938	193	family	0.95	0.93	0.9	0.03	0.07	0.95	0.88	False
GCF_001413155	5208	5073	151	genus	0.85	0.83	0.32	0.1	0.22	0.95	0.78	True
GCF_003665615	4720	4654	3	genus	0.86	0.85	0.02	0.06	0.13	0.95	0.81	True
GCF_021228875	4832	4768	1	kingdom	1.0	0.99	0.0	0.0	0.0	0.93	0.92	True
SD_9_B7	4507	4464	28	genus	0.88	0.87	0.04	0.03	0.06	0.96	0.83	True
GCF_010590925	5173	4966	378	order	0.95	0.92	0.93	0.03	0.06	0.94	0.86	False
GCF_002919795	5293	5216	160	genus	0.85	0.83	0.29	0.12	0.29	0.95	0.79	True
GCF_018446195	4851	4774	76	family	0.96	0.94	0.9	0.03	0.06	0.94	0.89	False
GCF_009881185	4600	4527	22	species	0.85	0.83	0.01	0.03	0.07	0.99	0.83	True
GCF_013368465	5755	5557	5	family	0.91	0.88	0.65	0.03	0.06	0.93	0.82	False
GCF_016905635	5266	5059	193	genus	0.86	0.82	0.35	0.13	0.32	0.95	0.78	True
GCF_002923765	4475	4424	18	genus	0.88	0.87	0.05	0.03	0.06	0.96	0.83	True
GCF_016504805	4461	4404	22	genus	0.88	0.87	0.06	0.03	0.05	0.99	0.86	True
GCF_003195445	4729	4648	77	genus	0.86	0.85	0.06	0.06	0.13	0.95	0.81	True
GCF_902807305	5204	4990	296	genus	0.83	0.8	0.44	0.07	0.16	0.96	0.77	True
GCF_004005165	5372	5211	623	family	0.95	0.92	0.61	0.03	0.06	0.94	0.86	False
GCF_001952715	5362	5128	115	genus	0.81	0.78	0.14	0.06	0.13	0.95	0.74	True
GCF_013729795	5543	5321	5	family	0.94	0.9	0.1	0.02	0.05	0.93	0.84	True
GCF_015673475	4542	4488	36	genus	0.89	0.87	0.1	0.03	0.07	0.96	0.84	True
GCF_020695525	5089	4963	3	genus	0.87	0.85	0.32	0.13	0.31	0.96	0.81	True
GCF_014104295	4872	4766	8	genus	0.87	0.85	0.03	0.1	0.23	0.95	0.81	True
GCF_902165615	5149	5062	267	genus	0.86	0.85	0.53	0.13	0.32	0.95	0.81	False
GCF_014855735	5278	5141	188	genus	0.82	0.8	0.49	0.12	0.28	0.94	0.76	False
GCF_018420725	5247	5023	104	genus	0.84	0.81	0.12	0.06	0.13	0.95	0.77	True
GCF_018441905	5214	5121	99	genus	0.87	0.85	0.37	0.11	0.26	0.94	0.8	True
GCF_005280875	4453	4386	36	genus	0.9	0.88	0.04	0.06	0.13	0.95	0.84	True
GCF_003665555	4665	4633	1	kingdom	1.0	0.99	0.0	0.0	0.0	0.97	0.96	True
GCF_004327735	4578	4512	40	genus	0.89	0.87	0.12	0.05	0.11	0.96	0.84	True
GCF_005280975	4539	4457	53	genus	0.88	0.87	0.15	0.07	0.14	0.95	0.82	True
GCF_012952665	5405	5317	3	genus	0.88	0.87	0.25	0.16	0.4	0.95	0.82	True
GCF_015674675	4543	4486	38	genus	0.89	0.87	0.08	0.03	0.07	0.96	0.84	True
GCF_017963565	4566	4520	2	kingdom	1.0	0.99	0.0	0.0	0.0	0.94	0.93	True
GCF_003665635	4530	4482	1	kingdom	1.0	0.99	0.0	0.0	0.0	0.94	0.93	True
GCF_014337315	5310	5178	3	family	0.94	0.92	0.25	0.03	0.05	0.93	0.86	True
GCF_900446885	5229	5158	4	kingdom	1.0	0.99	0.0	0.0	0.0	0.93	0.92	True
GCF_015138175	5136	5048	6	family	0.91	0.9	0.76	0.03	0.06	0.95	0.85	False
GCF_013899035	4900	4841	2	kingdom	1.0	0.99	0.0	0.0	0.0	0.93	0.92	True
GCF_001413045	5214	5072	155	genus	0.85	0.83	0.32	0.1	0.22	0.95	0.78	True
GCF_902506645	5031	4956	125	family	0.95	0.93	0.86	0.03	0.05	0.97	0.91	False
GCF_001413295	5103	4975	135	genus	0.84	0.82	0.24	0.07	0.15	0.95	0.78	True
GCF_013303045	5303	5211	318	family	0.96	0.94	0.92	0.03	0.06	0.98	0.93	False
GCF_013738135	5373	5255	6	family	0.93	0.9	0.3	0.03	0.06	0.92	0.83	True
GCF_003665655	4590	4539	1	kingdom	1.0	0.99	0.0	0.0	0.0	0.94	0.93	True
GCF_016503245	4701	4648	42	genus	0.86	0.85	0.15	0.06	0.12	0.96	0.82	True
GCF_016504895	4935	4860	96	genus	0.89	0.88	0.18	0.11	0.24	0.95	0.83	True
GCF_016893685	4300	4226	1	kingdom	1.0	0.98	0.0	0.0	0.0	0.99	0.97	True
GCF_004146135	4880	4809	172	species	0.88	0.87	0.07	0.02	0.05	0.99	0.87	True
GCF_902388105	4559	4506	1	kingdom	1.0	0.99	0.0	0.0	0.0	0.92	0.91	True
GCF_016505505	4638	4603	21	species	0.9	0.89	0.04	0.04	0.09	0.99	0.88	True
GCF_002208985	4597	4556	2	kingdom	1.0	0.99	0.0	0.0	0.0	0.97	0.96	True
GCF_017114565	5583	5368	8	genus	0.84	0.8	0.13	0.16	0.4	0.95	0.76	True
GCF_016893705	4220	4158	1	kingdom	1.0	0.99	0.0	0.0	0.0	0.99	0.97	True
GCF_009939625	5003	4887	206	genus	0.87	0.85	0.25	0.1	0.23	0.95	0.81	True
GCF_008364635	5172	5064	58	family	0.94	0.92	0.28	0.03	0.06	0.93	0.85	True
GCF_016504545	5155	4975	67	genus	0.85	0.82	0.17	0.1	0.22	0.95	0.78	True
GCF_016760555	4577	4533	35	kingdom	1.0	0.99	0.0	0.0	0.0	0.96	0.95	True
GCF_905337845	4503	4439	3	kingdom	1.0	0.99	0.0	0.0	0.0	0.96	0.95	True
GCF_016502145	4666	4613	35	species	0.89	0.88	0.1	0.03	0.07	0.99	0.88	True
GCF_014218795	4696	4632	30	genus	0.89	0.88	0.03	0.06	0.13	0.95	0.84	True
GCF_014803235	5235	5097	317	genus	0.87	0.85	0.32	0.12	0.28	0.95	0.81	True
GCF_002871775	4895	4813	33	genus	0.86	0.85	0.05	0.07	0.15	0.95	0.8	True
GCF_013790835	5284	5086	5	genus	0.84	0.81	0.06	0.12	0.29	0.95	0.77	True
GCF_018323885	4765	4700	4	species	0.83	0.82	0.01	0.03	0.07	0.99	0.81	True
GCF_014803225	5406	5264	710	genus	0.87	0.84	0.37	0.12	0.28	0.95	0.8	True
GCF_014803175	5419	5239	551	family	0.93	0.9	0.58	0.02	0.05	0.94	0.84	False
GCF_016501505	4621	4574	23	genus	0.89	0.88	0.1	0.06	0.12	0.98	0.87	True
GCF_014712635	5430	5301	86	family	0.94	0.92	0.81	0.03	0.06	0.94	0.87	False
GCF_021417225	5281	5147	64	genus	0.85	0.83	0.39	0.12	0.29	0.95	0.79	True
GCF_013706575	5216	5026	8	family	0.94	0.91	0.12	0.05	0.11	0.92	0.83	True
GCF_019382615	4309	4230	1	kingdom	1.0	0.98	0.0	0.0	0.0	0.95	0.93	True
GCF_014856075	5242	5026	117	genus	0.85	0.82	0.24	0.11	0.27	0.95	0.77	True
GCF_001880795	5369	5122	178	family	0.94	0.9	0.74	0.03	0.06	0.93	0.83	False
GCF_002918835	5113	5004	125	family	0.93	0.91	0.85	0.03	0.06	0.95	0.86	False
GCF_013336895	5583	5445	9	family	0.96	0.94	0.44	0.08	0.18	0.92	0.86	True
GCF_005281125	4577	4542	27	genus	0.94	0.93	0.03	0.02	0.05	0.99	0.92	True
GCF_001037485	5244	5133	6	genus	0.86	0.84	0.25	0.11	0.26	0.94	0.79	True
GCF_015135075	5172	5086	5	family	0.9	0.89	0.76	0.03	0.06	0.95	0.84	False
GCF_009660335	4535	4482	37	genus	0.83	0.82	0.1	0.04	0.08	0.94	0.77	True
GCF_018445725	5098	5000	115	genus	0.87	0.85	0.23	0.12	0.28	0.95	0.81	True
ERQ0161	4917	4841	40	genus	0.86	0.85	0.1	0.06	0.12	0.95	0.81	True
DB_3_F10	5734	5432	465	genus	0.85	0.8	0.46	0.11	0.25	0.95	0.76	False
GCF_019270195	4126	4064	1	kingdom	1.0	0.98	0.0	0.0	0.0	0.95	0.93	True
GCF_011077955	4173	4082	43	family	0.95	0.93	0.08	0.05	0.11	0.83	0.77	True
GCF_019800135	5013	4897	83	genus	0.82	0.8	0.09	0.04	0.09	0.95	0.76	True
DB_5_F12	5484	5302	255	family	0.93	0.9	0.66	0.06	0.13	0.93	0.84	False
GCF_000313895	4853	4754	63	genus	0.89	0.87	0.19	0.11	0.25	0.95	0.83	True
GCF_001413075	5219	5084	102	genus	0.85	0.83	0.19	0.1	0.22	0.95	0.79	True
GCF_014855635	5194	5068	77	genus	0.85	0.83	0.32	0.1	0.22	0.94	0.78	True
GCF_016502245	4533	4500	24	species	0.9	0.9	0.02	0.04	0.09	0.99	0.89	True
ERQ0310	5005	4880	186	genus	0.83	0.81	0.25	0.06	0.13	0.95	0.77	True
ERQ0230	5008	4929	67	genus	0.88	0.87	0.19	0.1	0.23	0.95	0.83	True
GCF_013458095	4917	4835	1	kingdom	1.0	0.98	0.0	0.0	0.0	0.93	0.91	True
GCF_013727235	5472	5355	5	family	0.93	0.91	0.19	0.02	0.05	0.93	0.85	True
GCF_018440275	4856	4780	39	family	0.96	0.94	0.89	0.03	0.06	0.94	0.89	False
GCF_016501915	4926	4815	95	genus	0.87	0.85	0.27	0.1	0.22	0.95	0.81	True
GCF_016505565	4471	4427	26	species	0.83	0.82	0.08	0.03	0.06	0.99	0.81	True
GCF_004004895	5707	5506	203	family	0.91	0.88	0.69	0.03	0.05	0.93	0.82	False
GCF_018128425	4646	4590	3	family	0.96	0.95	0.79	0.03	0.07	0.98	0.92	False
GCF_904859905	4898	4795	3	family	0.95	0.93	0.86	0.03	0.06	0.94	0.88	False
ERQ0159	5061	4933	160	genus	0.86	0.83	0.28	0.11	0.26	0.95	0.79	True
GCF_019270455	4190	4122	1	kingdom	1.0	0.98	0.0	0.0	0.0	0.95	0.93	True
GCF_001880835	4814	4740	168	genus	0.88	0.86	0.15	0.09	0.2	0.95	0.82	True
GCF_016501085	5065	4990	85	family	0.94	0.93	0.4	0.02	0.05	0.94	0.87	True
GCF_001373155	5531	5462	912	genus	0.91	0.9	0.26	0.02	0.05	0.98	0.88	True
GCF_014903525	5185	5056	15	family	0.94	0.91	0.68	0.03	0.06	0.94	0.85	False
GCF_019731875	4786	4708	43	genus	0.87	0.85	0.05	0.03	0.07	0.96	0.81	True
GCF_001037515	4634	4581	7	genus	0.9	0.89	0.02	0.06	0.13	0.95	0.85	True
GCF_016939595	5283	5193	7	family	0.94	0.92	0.69	0.03	0.05	0.94	0.87	False
GCF_014803195	5246	5108	418	genus	0.88	0.86	0.31	0.11	0.27	0.95	0.81	True
GCF_002918505	5155	5044	31	genus	0.82	0.8	0.13	0.04	0.09	0.95	0.76	True
ERQ0225	5424	5148	120	genus	0.81	0.77	0.2	0.09	0.21	0.95	0.73	True
GCF_000398865	4584	4528	5	kingdom	1.0	0.99	0.0	0.0	0.0	0.94	0.93	True
GCF_017164125	4704	4641	34	genus	0.89	0.88	0.18	0.03	0.06	0.99	0.86	True
GCF_019443705	4388	4359	1	kingdom	1.0	0.99	0.0	0.0	0.0	0.97	0.96	True
GCF_016906165	3740	3664	1	kingdom	1.0	0.98	0.0	0.0	0.0	0.95	0.93	True
GCF_017151495	5023	4953	74	genus	0.86	0.84	0.14	0.09	0.2	0.95	0.8	True
GCF_013899405	4559	4511	1	kingdom	1.0	0.99	0.0	0.0	0.0	0.94	0.93	True
GCF_016503485	4948	4880	43	family	0.96	0.95	0.35	0.02	0.05	0.94	0.89	True
GCF_014901845	5158	5081	3	kingdom	1.0	0.98	0.0	0.0	0.0	0.92	0.91	True
GCF_902160715	5243	5035	120	genus	0.86	0.82	0.24	0.12	0.28	0.95	0.78	True
GCF_016501525	4687	4625	25	genus	0.9	0.89	0.05	0.06	0.13	0.95	0.84	True
GCF_016501815	4825	4768	44	species	0.86	0.85	0.1	0.05	0.09	0.99	0.84	True
GCF_003350185	4349	4317	25	genus	0.9	0.89	0.07	0.02	0.05	0.99	0.88	True
GCF_002151815	4408	4345	2	genus	0.88	0.86	0.01	0.03	0.07	0.95	0.82	True
GCF_004024365	4969	4843	123	genus	0.86	0.84	0.21	0.09	0.2	0.95	0.8	True
GCF_017151545	5095	5022	72	genus	0.85	0.84	0.15	0.1	0.22	0.95	0.8	True
GCF_013785085	4373	4333	1	kingdom	1.0	0.99	0.0	0.0	0.0	0.92	0.91	True
GCF_000981805	5532	5324	2	genus	0.77	0.74	0.02	0.07	0.16	0.95	0.7	True
GCF_008180565	5560	5403	533	family	0.94	0.91	0.88	0.03	0.06	0.93	0.85	False
GCF_902506735	5036	4960	121	family	0.95	0.93	0.87	0.03	0.06	0.97	0.91	False
SD_5_D4	4561	4478	31	genus	0.9	0.88	0.06	0.05	0.11	0.95	0.84	True
GCF_004005235	5517	5378	552	genus	0.86	0.84	0.49	0.17	0.44	0.95	0.79	False
GCF_004004715	5808	5604	1090	family	0.94	0.91	0.55	0.03	0.06	0.93	0.85	False
GCF_014230205	5167	4970	71	species	0.82	0.79	0.04	0.06	0.12	0.99	0.78	True
GCF_900461175	4526	4469	2	kingdom	1.0	0.99	0.0	0.0	0.0	0.97	0.96	True
GCF_004322975	4627	4561	3	kingdom	1.0	0.99	0.0	0.0	0.0	0.94	0.93	True
GCF_002289385	4875	4778	135	genus	0.84	0.82	0.13	0.03	0.06	0.95	0.78	True
GCF_016503835	4595	4520	18	genus	0.86	0.85	0.04	0.03	0.06	0.95	0.8	True
GCF_013743055	5470	5256	7	family	0.91	0.88	0.24	0.03	0.06	0.94	0.82	True
GCF_019382495	2350	2314	1	kingdom	1.0	0.98	0.0	0.0	0.0	0.94	0.92	True
GCF_001471655	4657	4612	1	kingdom	1.0	0.99	0.0	0.0	0.0	0.97	0.96	True
GCF_019270255	4187	4133	1	kingdom	1.0	0.99	0.0	0.0	0.0	0.95	0.93	True
GCF_013786345	5097	5031	2	family	0.96	0.94	0.02	0.03	0.06	0.94	0.89	True
GCF_016501885	4692	4629	24	genus	0.9	0.89	0.06	0.06	0.13	0.95	0.84	True
GCF_013337065	5069	4990	52	genus	0.9	0.88	0.26	0.14	0.34	0.95	0.83	True
ERQ0189	5038	4851	151	genus	0.85	0.82	0.25	0.08	0.17	0.95	0.78	True
GCF_002918535	5140	5019	19	family	0.93	0.91	0.1	0.03	0.05	0.89	0.81	True
GCF_905232605	5340	5221	7	family	0.94	0.92	0.64	0.02	0.04	0.94	0.86	False
GCF_019448475	4950	4823	72	genus	0.87	0.85	0.37	0.1	0.24	0.94	0.8	True
SG18_100_2_S18	4668	4572	31	genus	0.87	0.85	0.07	0.05	0.11	0.95	0.8	True
ERQ0224	5096	4968	178	genus	0.82	0.79	0.34	0.06	0.14	0.95	0.76	True
GCF_016504055	4448	4406	21	kingdom	1.0	0.99	0.0	0.0	0.0	0.97	0.96	True
GCF_018441215	5104	4985	105	genus	0.85	0.83	0.28	0.1	0.22	0.95	0.79	True
GCF_016507865	4606	4568	25	genus	0.9	0.89	0.14	0.07	0.14	0.98	0.88	True
GCF_013733095	5580	5370	7	family	0.91	0.87	0.07	0.03	0.06	0.93	0.82	True
GCF_000714305	4676	4611	63	genus	0.89	0.88	0.06	0.06	0.13	0.95	0.84	True
GCF_013826505	5169	4931	7	genus	0.86	0.82	0.06	0.1	0.24	0.95	0.78	True
GCF_004331575	4557	4479	21	genus	0.86	0.85	0.04	0.03	0.06	0.96	0.81	True
GCF_900446895	4712	4644	3	species	0.84	0.82	0.07	0.08	0.19	0.98	0.81	True
GCF_019731005	4646	4601	25	genus	0.88	0.87	0.06	0.06	0.13	0.95	0.83	True
GCF_009363175	5574	5362	3	family	0.95	0.91	0.09	0.06	0.12	0.93	0.85	True
ERQ0278	4865	4778	171	genus	0.86	0.85	0.26	0.08	0.17	0.95	0.81	True
GCF_019270295	4189	4122	1	kingdom	1.0	0.98	0.0	0.0	0.0	0.95	0.93	True
GCF_000835925	5358	5228	336	species	0.91	0.89	0.19	0.06	0.13	0.99	0.88	True
GCF_019584545	4603	4546	36	genus	0.88	0.87	0.09	0.08	0.18	0.95	0.83	True
GCF_019048065	4599	4550	2	genus	0.85	0.84	0.01	0.02	0.05	0.96	0.8	True
GCF_011064845	4631	4568	1	kingdom	1.0	0.99	0.0	0.0	0.0	0.94	0.93	True
GCF_017151535	5094	5020	72	genus	0.85	0.84	0.14	0.1	0.22	0.95	0.8	True
GCF_001022275	5138	5006	7	genus	0.87	0.85	0.06	0.11	0.25	0.95	0.8	True
SG18_223_S110	4514	4448	23	genus	0.9	0.89	0.04	0.06	0.13	0.95	0.84	True
GCF_013395115	5301	5094	86	order	0.97	0.94	0.56	0.02	0.04	0.94	0.88	False
GCF_015669215	4907	4824	51	genus	0.86	0.84	0.16	0.07	0.15	0.95	0.8	True
GCF_016501265	4344	4311	29	genus	0.93	0.93	0.18	0.05	0.11	0.98	0.91	True
GCF_001689745	4714	4627	63	genus	0.88	0.86	0.04	0.03	0.07	0.95	0.82	True
GCF_004331545	4473	4422	15	genus	0.88	0.87	0.03	0.03	0.07	0.96	0.83	True
GCF_016500895	4592	4500	33	genus	0.89	0.88	0.07	0.05	0.11	0.95	0.84	True
GCF_013168975	5509	5301	97	family	0.94	0.9	0.36	0.04	0.1	0.93	0.83	True
GCF_014337275	5306	5174	4	family	0.95	0.92	0.33	0.03	0.05	0.93	0.86	True
GCF_004344985	5210	4988	8	genus	0.84	0.81	0.1	0.09	0.19	0.95	0.76	True
GCF_005281055	4537	4473	76	genus	0.84	0.83	0.13	0.07	0.15	0.94	0.78	True
GCF_013798115	5201	5112	3	genus	0.85	0.84	0.02	0.08	0.19	0.95	0.8	True
GCF_016500445	4461	4421	19	genus	0.89	0.89	0.03	0.03	0.06	0.99	0.87	True
GCF_004327825	5235	5026	391	genus	0.81	0.78	0.35	0.06	0.13	0.95	0.74	True
GCF_016894305	5259	5130	5	genus	0.85	0.83	0.32	0.13	0.32	0.95	0.79	True
GCF_019655555	4999	4906	173	family	0.93	0.91	0.86	0.03	0.05	0.94	0.86	False
GCF_003812345	4745	4679	2	genus	0.85	0.84	0.01	0.04	0.09	0.95	0.8	True
GCF_905232695	5280	5165	9	genus	0.88	0.86	0.3	0.15	0.38	0.95	0.82	True
GCF_016501625	4951	4880	46	genus	0.87	0.86	0.13	0.08	0.17	0.95	0.81	True
GCF_016504665	4419	4387	32	genus	0.91	0.9	0.15	0.05	0.11	0.99	0.89	True
GCF_016905745	5195	5101	264	family	0.94	0.93	0.88	0.03	0.06	0.95	0.88	False
GCF_016503785	4628	4571	20	species	0.81	0.8	0.07	0.03	0.06	0.99	0.79	True
GCF_003175795	4759	4701	88	genus	0.9	0.89	0.21	0.09	0.21	0.95	0.84	True
GCF_014103235	5493	5275	9	family	0.94	0.9	0.11	0.02	0.05	0.93	0.84	True
GCF_020710145	5026	4946	223	genus	0.85	0.83	0.37	0.08	0.17	0.95	0.79	True
ERQ0674	5897	5530	156	family	0.91	0.85	0.68	0.07	0.16	0.92	0.79	False
GCF_916618775	4510	4490	3	kingdom	1.0	1.0	0.0	0.0	0.0	0.98	0.97	True
GCF_004181935	6056	5706	695	family	0.91	0.86	0.57	0.03	0.06	0.93	0.8	False
GCF_016501425	4976	4915	68	genus	0.89	0.87	0.18	0.1	0.23	0.95	0.83	True
GCF_018919545	4707	4643	301	genus	0.87	0.86	0.15	0.03	0.07	0.96	0.82	True
GCF_016894145	4149	4082	1	kingdom	1.0	0.98	0.0	0.0	0.0	0.95	0.93	True
ERQ0259	5528	5308	159	family	0.92	0.88	0.47	0.03	0.05	0.93	0.82	False
GCF_016500465	4919	4839	50	genus	0.89	0.87	0.17	0.09	0.22	0.95	0.83	True
GCF_009649895	4801	4711	3	genus	0.83	0.82	0.01	0.04	0.09	0.96	0.78	True
GCF_016503805	4553	4496	29	genus	0.89	0.88	0.06	0.05	0.11	0.96	0.84	True
GCF_018422965	4912	4816	91	genus	0.86	0.84	0.22	0.06	0.13	0.95	0.8	True
GCF_016502995	4474	4434	24	species	0.83	0.82	0.04	0.03	0.06	0.99	0.81	True
GCF_013589875	5257	5052	6	genus	0.87	0.84	0.1	0.13	0.33	0.95	0.8	True
GCF_900520375	4977	4901	2	kingdom	1.0	0.98	0.0	0.0	0.0	0.93	0.92	True
GCF_901456225	5018	4894	6	kingdom	1.0	0.98	0.0	0.0	0.0	0.93	0.91	True
GCF_016505165	4812	4742	43	genus	0.87	0.85	0.26	0.08	0.18	0.95	0.81	True
GCF_016505285	5405	5317	3	genus	0.88	0.87	0.25	0.16	0.4	0.95	0.82	True
GCF_016905585	5241	5143	162	family	0.94	0.93	0.8	0.03	0.05	0.94	0.88	False
GCF_013890595	4704	4632	2	kingdom	1.0	0.98	0.0	0.0	0.0	0.96	0.95	True
GCF_002393245	4524	4486	2	kingdom	1.0	0.99	0.0	0.0	0.0	0.97	0.96	True
GCF_002934505	5545	5317	4	family	0.93	0.89	0.48	0.06	0.14	0.94	0.84	False
GCF_014596895	4983	4886	38	genus	0.83	0.82	0.12	0.12	0.27	0.93	0.76	True
GCF_001412755	5207	5068	148	genus	0.85	0.83	0.32	0.1	0.22	0.95	0.79	True
GCF_018443215	5074	4974	39	genus	0.85	0.83	0.08	0.06	0.12	0.95	0.79	True
GCF_016507955	4514	4462	28	genus	0.86	0.85	0.05	0.03	0.06	0.96	0.82	True
GCF_002252025	5820	5588	179	family	0.92	0.89	0.66	0.06	0.14	0.93	0.82	False
GCF_014189355	5253	5143	2	family	0.93	0.92	0.49	0.02	0.04	0.94	0.86	False
GCF_013883595	4290	4243	1	kingdom	1.0	0.99	0.0	0.0	0.0	0.92	0.91	True
GCF_002151775	5474	5334	6	family	0.95	0.92	0.78	0.04	0.08	0.94	0.86	False
GCF_003184045	4578	4515	25	species	0.82	0.81	0.66	0.03	0.06	0.99	0.8	False
GCF_018067665	4813	4749	41	family	0.96	0.94	0.86	0.03	0.06	0.94	0.89	False
SD_9_A7	4558	4475	21	genus	0.89	0.87	0.07	0.06	0.12	0.95	0.83	True
GCF_016679915	4973	4875	48	genus	0.86	0.84	0.33	0.12	0.28	0.94	0.8	True
GCF_018107715	5462	5299	128	family	0.92	0.9	0.8	0.03	0.07	0.94	0.84	False
GCF_018441745	5072	4977	112	genus	0.87	0.85	0.26	0.1	0.23	0.95	0.81	True
GCF_016502025	4651	4601	36	genus	0.91	0.9	0.05	0.06	0.13	0.95	0.86	True
GCF_020271725	4891	4812	6	genus	0.88	0.86	0.66	0.04	0.09	0.98	0.84	False
GCF_016500775	4520	4481	20	species	0.82	0.81	0.03	0.03	0.06	0.99	0.81	True
GCF_015137255	5084	4991	4	family	0.92	0.9	0.75	0.03	0.06	0.95	0.86	False
GCF_001413235	5017	4908	87	genus	0.85	0.83	0.11	0.07	0.15	0.95	0.79	True
GCF_019802385	5362	5159	66	species	0.81	0.78	0.01	0.06	0.13	0.99	0.76	True
GCF_012843215	4648	4567	22	genus	0.86	0.85	0.08	0.03	0.05	0.96	0.81	True
GCF_001552875	4587	4535	42	species	0.83	0.82	0.12	0.05	0.12	0.99	0.81	True
GCF_900451665	4604	4542	2	species	0.81	0.8	0.08	0.04	0.08	0.99	0.79	True
GCF_016507605	4346	4326	25	kingdom	1.0	1.0	0.0	0.0	0.0	0.98	0.98	True
GCF_009881195	5055	4989	438	genus	0.91	0.89	0.8	0.08	0.18	0.99	0.88	False
GCF_001413275	5109	4981	147	genus	0.84	0.82	0.24	0.07	0.15	0.95	0.78	True
ERQ0217	5002	4912	155	genus	0.84	0.83	0.37	0.09	0.2	0.95	0.79	True
GCF_016503745	4214	4194	17	kingdom	1.0	1.0	0.0	0.0	0.0	0.99	0.98	True
GCF_003818115	4598	4530	53	genus	0.89	0.87	0.08	0.05	0.11	0.95	0.83	True
GCF_014903475	4823	4712	10	genus	0.86	0.84	0.04	0.06	0.14	0.95	0.8	True
GCF_018439105	5004	4905	419	genus	0.86	0.85	0.31	0.06	0.13	0.95	0.81	True
GCF_013337685	4535	4488	24	genus	0.85	0.84	0.03	0.06	0.12	0.94	0.79	True
GCF_001057775	4709	4655	489	species	0.84	0.83	0.18	0.02	0.05	0.99	0.82	True
GCF_013816655	4726	4676	1	kingdom	1.0	0.99	0.0	0.0	0.0	0.94	0.93	True
GCF_016505255	4750	4685	43	genus	0.89	0.88	0.11	0.08	0.19	0.95	0.84	True
ERQ0155	5097	4957	182	family	0.93	0.91	0.54	0.03	0.06	0.94	0.85	False
GCF_008086465	4537	4471	3	genus	0.9	0.88	0.02	0.07	0.17	0.95	0.84	True
GCF_902387665	4578	4515	25	species	0.82	0.81	0.66	0.03	0.06	0.99	0.8	False
GCF_018439185	4972	4868	159	genus	0.86	0.84	0.26	0.07	0.15	0.95	0.8	True
SG18_229_S54	4695	4611	51	genus	0.87	0.85	0.08	0.08	0.18	0.94	0.8	True
GCF_016505055	4615	4575	14	genus	0.9	0.9	0.02	0.04	0.08	0.97	0.87	True
GCF_020559425	4651	4611	28	genus	0.88	0.87	0.03	0.03	0.07	0.96	0.83	True
SG18_8_S1	4483	4422	34	genus	0.85	0.84	0.09	0.06	0.14	0.94	0.79	True
GCF_014802885	6900	6689	1309	genus	0.85	0.82	0.45	0.15	0.38	0.94	0.77	True
GCF_004005035	5549	5355	493	family	0.94	0.91	0.51	0.03	0.05	0.93	0.84	False
GCF_016894045	4267	4209	1	kingdom	1.0	0.99	0.0	0.0	0.0	0.99	0.97	True
GCF_021440245	5225	5106	118	genus	0.87	0.85	0.23	0.12	0.28	0.94	0.8	True
ERQ0681	5703	5363	218	family	0.9	0.85	0.49	0.03	0.07	0.93	0.79	False
GCF_002918455	4826	4757	23	genus	0.85	0.84	0.13	0.05	0.11	0.95	0.8	True
GCF_016500385	4570	4523	17	species	0.81	0.81	0.04	0.03	0.06	0.99	0.8	True
GCF_016504885	4832	4738	39	genus	0.85	0.84	0.14	0.06	0.13	0.95	0.8	True
GCF_020215765	4840	4732	72	genus	0.89	0.87	0.36	0.1	0.23	0.94	0.82	True
GCF_000826205	4763	4679	56	family	0.96	0.94	0.38	0.02	0.04	0.93	0.88	True
GCF_015668205	4495	4438	23	genus	0.9	0.89	0.06	0.05	0.11	0.95	0.85	True
GCF_902377535	4292	4277	30	kingdom	1.0	1.0	0.0	0.0	0.0	0.99	0.99	True
GCF_018441765	5113	4998	302	family	0.95	0.93	0.68	0.02	0.04	0.93	0.87	False
GCF_013786025	4387	4351	1	kingdom	1.0	0.99	0.0	0.0	0.0	0.92	0.91	True
GCF_902807175	4866	4809	92	genus	0.87	0.86	0.21	0.09	0.22	0.95	0.82	True
GCF_016503095	4422	4356	22	genus	0.88	0.86	0.05	0.03	0.07	0.95	0.82	True
GCF_020215805	4894	4798	72	genus	0.88	0.86	0.38	0.1	0.24	0.94	0.81	True
GCF_016503305	4678	4613	48	genus	0.86	0.85	0.06	0.04	0.08	0.95	0.81	True
GCF_013786565	5088	4899	2	genus	0.86	0.83	0.07	0.09	0.21	0.95	0.79	True
GCF_017151595	5297	5184	126	family	0.94	0.92	0.35	0.03	0.05	0.94	0.86	True
GCF_004005615	5438	5280	178	family	0.93	0.9	0.55	0.03	0.07	0.93	0.84	False
GCF_019660585	5254	5097	72	genus	0.84	0.82	0.22	0.1	0.23	0.95	0.77	True
GCF_002919485	4825	4755	20	genus	0.85	0.84	0.14	0.05	0.11	0.95	0.8	True
GCF_016507625	4733	4704	76	species	0.88	0.87	0.05	0.04	0.07	0.99	0.87	True
GCF_004181905	4696	4624	130	species	0.82	0.81	0.21	0.06	0.12	0.99	0.8	True
GCF_009881175	4692	4617	68	species	0.86	0.84	0.32	0.06	0.14	0.99	0.83	True
GCF_005281195	4502	4428	90	genus	0.88	0.87	0.21	0.11	0.27	0.93	0.81	True
GCF_014170055	4977	4888	7	genus	0.87	0.86	0.05	0.11	0.27	0.95	0.81	True
GCF_011603985	4618	4560	70	genus	0.88	0.87	0.16	0.05	0.11	0.95	0.83	True
GCF_002075345	5373	5208	103	genus	0.79	0.76	0.38	0.07	0.14	0.94	0.72	True
GCF_017151515	5092	5019	72	genus	0.85	0.84	0.14	0.1	0.22	0.95	0.8	True
GCF_016504785	4525	4481	20	species	0.82	0.81	0.01	0.07	0.16	0.97	0.79	True
GCF_014855595	5252	5040	109	genus	0.85	0.82	0.23	0.12	0.27	0.95	0.78	True
GCF_014855645	5313	5079	108	genus	0.84	0.81	0.26	0.12	0.28	0.95	0.76	True
GCF_016893985	4272	4207	1	kingdom	1.0	0.98	0.0	0.0	0.0	0.99	0.97	True
GCF_018449455	5703	5564	287	genus	0.8	0.78	0.49	0.13	0.32	0.94	0.73	False
GCF_013169475	5401	5270	115	family	0.94	0.91	0.54	0.02	0.05	0.93	0.84	False
GCF_019660945	4925	4838	90	genus	0.89	0.88	0.21	0.11	0.26	0.95	0.83	True
GCF_001273815	5615	5463	341	family	0.93	0.91	0.5	0.05	0.12	0.92	0.84	False
GCF_014903115	4957	4868	9	family	0.95	0.93	0.73	0.03	0.07	0.95	0.88	False
GCF_019645955	4553	4511	1	kingdom	1.0	0.99	0.0	0.0	0.0	0.97	0.96	True
GCF_016500495	4605	4560	25	genus	0.91	0.9	0.09	0.08	0.18	0.98	0.88	True
ERQ0211	5105	4992	183	genus	0.83	0.82	0.3	0.09	0.19	0.95	0.78	True
GCF_013726615	4919	4796	3	genus	0.88	0.86	0.05	0.09	0.2	0.95	0.82	True
GCF_014855715	5074	4960	250	family	0.94	0.92	0.55	0.02	0.05	0.94	0.86	False
GCF_014802855	5013	4914	116	genus	0.87	0.85	0.28	0.11	0.26	0.95	0.81	True
GCF_016501315	4554	4498	17	species	0.82	0.81	0.03	0.03	0.06	0.99	0.8	True
GCF_001546305	4500	4451	60	species	0.83	0.82	0.04	0.03	0.06	0.99	0.81	True
GCF_016504585	4369	4295	25	genus	0.88	0.86	0.03	0.03	0.05	0.95	0.82	True
GCF_014856005	5237	5028	115	genus	0.85	0.82	0.24	0.11	0.27	0.95	0.78	True
GCF_000936345	5056	5004	746	species	0.86	0.85	0.1	0.04	0.08	0.99	0.84	True
GCF_013336865	5089	5007	4	family	0.94	0.92	0.8	0.03	0.07	0.94	0.87	False
GCF_009648235	4446	4394	117	genus	0.89	0.88	0.12	0.05	0.12	0.95	0.84	True
GCF_016505095	5269	5083	87	genus	0.84	0.81	0.26	0.11	0.26	0.95	0.77	True
GCF_009721615	4444	4395	21	genus	0.89	0.88	0.03	0.03	0.06	0.96	0.84	True
GCF_003665535	4760	4704	2	genus	0.9	0.89	0.01	0.1	0.23	0.95	0.84	True
GCF_009821535	4813	4773	37	genus	0.9	0.89	0.14	0.03	0.06	0.98	0.87	True
GCF_013748235	4804	4741	4	genus	0.85	0.84	0.02	0.06	0.12	0.95	0.8	True
GCF_018066625	5678	5460	157	family	0.93	0.89	0.65	0.06	0.14	0.93	0.83	False
GCF_019048045	4421	4375	1	kingdom	1.0	0.99	0.0	0.0	0.0	0.94	0.93	True
GCF_016504145	4354	4322	15	species	0.84	0.84	0.07	0.03	0.06	0.99	0.83	True
GCF_905330765	5520	5362	5	genus	0.88	0.86	0.23	0.17	0.44	0.95	0.82	True
GCF_013707835	5356	5179	15	genus	0.85	0.83	0.06	0.14	0.33	0.95	0.78	True
GCF_000809165	5166	5060	138	genus	0.85	0.84	0.84	0.06	0.12	0.97	0.82	False
GCF_018441785	5240	5113	178	genus	0.87	0.85	0.46	0.13	0.3	0.95	0.81	False
GCF_000783995	4805	4731	1	kingdom	1.0	0.98	0.0	0.0	0.0	0.93	0.92	True
GCF_018422725	4615	4546	38	genus	0.87	0.86	0.21	0.03	0.07	0.96	0.82	True
GCF_016503885	5594	5351	127	family	0.93	0.89	0.48	0.03	0.05	0.93	0.82	False
GCF_001718055	5221	5145	3	family	0.93	0.91	0.76	0.03	0.07	0.95	0.86	False
GCF_018883525	4648	4559	29	genus	0.86	0.85	0.07	0.06	0.14	0.95	0.8	True
GCF_016501955	4652	4596	35	family	0.97	0.96	0.87	0.03	0.06	0.98	0.93	False
GCF_001413115	5225	5085	106	genus	0.85	0.83	0.23	0.1	0.22	0.95	0.79	True
GCF_004004645	5931	5750	1227	family	0.95	0.92	0.5	0.03	0.06	0.94	0.86	False
GCF_014103715	5344	5248	8	family	0.96	0.95	0.17	0.06	0.12	0.94	0.89	True
GCF_000208765	4909	4831	314	genus	0.89	0.87	0.41	0.1	0.24	0.95	0.83	True
GCF_013336955	5049	4964	5	genus	0.87	0.86	0.06	0.11	0.26	0.95	0.82	True
GCF_014103885	5063	4992	6	family	0.96	0.95	0.26	0.04	0.09	0.93	0.89	True
GCF_018066575	5897	5743	121	family	0.94	0.91	0.59	0.06	0.14	0.93	0.85	False
GCF_013814485	4446	4407	1	kingdom	1.0	0.99	0.0	0.0	0.0	0.94	0.93	True
GCF_002786865	4922	4875	2	kingdom	1.0	0.99	0.0	0.0	0.0	0.93	0.92	True
GCF_019382635	4101	4044	1	kingdom	1.0	0.99	0.0	0.0	0.0	0.94	0.93	True
GCF_015674725	4541	4486	30	genus	0.89	0.88	0.12	0.03	0.07	0.96	0.84	True
ERQ0677	5797	5447	137	family	0.92	0.86	0.68	0.07	0.15	0.92	0.8	False
GCF_002934585	5628	5437	7	species	0.74	0.72	0.31	0.07	0.16	0.99	0.71	True
GCF_018439765	4693	4615	223	genus	0.88	0.86	0.28	0.07	0.16	0.96	0.82	True
GCF_016114665	4548	4491	21	genus	0.9	0.89	0.18	0.05	0.12	0.98	0.87	True
GCF_013739755	5097	5008	5	genus	0.83	0.82	0.07	0.09	0.19	0.95	0.78	True
GCF_016507745	4992	4918	40	genus	0.88	0.87	0.19	0.1	0.22	0.95	0.83	True
GCF_003938795	4931	4813	7	genus	0.89	0.86	0.24	0.05	0.11	0.98	0.85	True
GCF_000786265	5035	4934	57	genus	0.86	0.84	0.03	0.06	0.14	0.95	0.8	True
ERQ0046	5885	5289	301	genus	0.85	0.76	0.31	0.1	0.24	0.95	0.72	True
GCF_013785525	4409	4356	1	kingdom	1.0	0.99	0.0	0.0	0.0	0.92	0.91	True
ERQ0192	5260	5029	228	family	0.94	0.89	0.71	0.05	0.1	0.93	0.83	False
ERQ0241	5886	5571	243	family	0.95	0.9	0.56	0.1	0.22	0.92	0.82	False
GCF_013738915	5340	5149	5	genus	0.84	0.81	0.05	0.13	0.3	0.95	0.77	True
GCF_011030295	5388	5190	98	family	0.93	0.9	0.37	0.02	0.04	0.93	0.84	True
GCF_002903305	5488	5319	5	family	0.92	0.89	0.33	0.02	0.05	0.93	0.83	True
GCF_001058675	5135	4972	240	genus	0.84	0.81	0.31	0.07	0.15	0.95	0.77	True
GCF_004005085	4855	4775	165	genus	0.87	0.86	0.24	0.08	0.19	0.95	0.82	True
GCF_000734905	4700	4635	129	genus	0.9	0.88	0.14	0.06	0.12	0.95	0.84	True
GCF_013783065	5150	4978	8	genus	0.86	0.83	0.1	0.12	0.3	0.95	0.79	True
GCF_001482545	4963	4902	54	genus	0.88	0.87	0.48	0.11	0.24	0.96	0.83	False
GCF_021440705	5176	4954	146	genus	0.87	0.83	0.28	0.11	0.27	0.95	0.79	True
GCF_016504155	4482	4443	16	species	0.83	0.82	0.04	0.03	0.06	0.99	0.81	True
GCF_001412815	5104	4979	136	genus	0.84	0.82	0.23	0.07	0.16	0.95	0.78	True
GCF_016504355	4358	4308	18	genus	0.89	0.88	0.03	0.03	0.05	0.96	0.85	True
GCF_019659965	5233	5134	141	genus	0.87	0.85	0.44	0.15	0.36	0.95	0.81	True
GCF_016501455	5472	5320	129	family	0.97	0.94	0.61	0.08	0.18	0.92	0.87	False
GCF_006965505	4449	4391	2	kingdom	1.0	0.99	0.0	0.0	0.0	0.97	0.96	True
GCF_002252125	5799	5569	168	family	0.92	0.89	0.67	0.06	0.14	0.93	0.83	False
GCF_016502155	4449	4405	18	species	0.91	0.9	0.02	0.04	0.08	0.99	0.89	True
GCF_001880915	5235	5112	160	genus	0.88	0.86	0.33	0.14	0.36	0.94	0.81	True
GCF_013336965	5398	5310	66	genus	0.88	0.86	0.21	0.1	0.22	0.98	0.84	True
GCF_002151695	4702	4633	5	genus	0.91	0.89	0.09	0.05	0.12	0.98	0.88	True
GCF_007004285	5346	5200	180	family	0.93	0.9	0.49	0.03	0.06	0.92	0.83	False
GCF_016502205	4533	4500	17	species	0.9	0.9	0.01	0.04	0.09	0.99	0.89	True
GCF_004684345	4560	4495	2	genus	0.86	0.85	0.01	0.06	0.12	0.94	0.8	True
GCF_021417185	4677	4625	38	genus	0.88	0.87	0.09	0.06	0.13	0.95	0.83	True
GCF_016505545	4401	4339	21	genus	0.89	0.88	0.05	0.06	0.12	0.95	0.84	True
GCF_020639355	4950	4870	4	genus	0.89	0.88	0.02	0.11	0.26	0.95	0.83	True
GCF_013728515	5451	5267	4	family	0.92	0.89	0.19	0.03	0.06	0.93	0.83	True
GCF_014101305	4569	4516	8	genus	0.87	0.86	0.01	0.08	0.18	0.94	0.8	True
GCF_018035235	4688	4609	10	genus	0.85	0.83	0.06	0.05	0.11	0.95	0.79	True
GCF_019800325	4821	4749	43	genus	0.86	0.84	0.33	0.06	0.12	0.96	0.81	True
GCF_003795375	4910	4836	29	genus	0.88	0.86	0.03	0.06	0.12	0.95	0.82	True
GCF_008931505	5148	5049	3	family	0.93	0.91	0.6	0.03	0.06	0.94	0.85	False
GCF_019660705	4629	4564	74	genus	0.88	0.87	0.13	0.08	0.17	0.95	0.83	True
GCF_900446835	4767	4602	9	genus	0.87	0.84	0.08	0.06	0.12	0.95	0.79	True
GCF_013889015	4312	4282	1	kingdom	1.0	0.99	0.0	0.0	0.0	0.98	0.97	True
GCF_016894065	4337	4275	1	kingdom	1.0	0.99	0.0	0.0	0.0	0.99	0.97	True
GCF_901456305	5158	5019	10	genus	0.87	0.85	0.09	0.12	0.29	0.95	0.8	True
GCF_901456265	4782	4663	6	genus	0.84	0.82	0.02	0.04	0.08	0.96	0.78	True
GCF_016504165	4299	4282	21	kingdom	1.0	1.0	0.0	0.0	0.0	0.99	0.99	True
GCF_013791465	5123	5018	5	genus	0.83	0.81	0.03	0.1	0.22	0.95	0.77	True
GCF_009664025	5232	5137	3	genus	0.86	0.84	0.29	0.14	0.33	0.95	0.8	True
GCF_018438625	5346	5216	82	genus	0.87	0.85	0.35	0.15	0.36	0.94	0.8	True
GCF_016503905	4563	4516	28	genus	0.89	0.88	0.09	0.08	0.18	0.96	0.84	True
GCF_013791615	4747	4691	3	genus	0.86	0.85	0.03	0.09	0.19	0.96	0.81	True
GCF_000312465	4817	4741	168	phylum	1.0	0.98	1.0	0.04	0.08	0.94	0.92	False
GCF_004792475	4435	4383	1	kingdom	1.0	0.99	0.0	0.0	0.0	0.92	0.91	True
GCF_000739675	4856	4782	24	species	0.87	0.86	0.01	0.05	0.11	0.99	0.85	True
GCF_004331445	5116	4933	84	genus	0.82	0.79	0.25	0.06	0.12	0.95	0.75	True
GCF_003938785	4885	4807	5	family	0.96	0.94	0.08	0.03	0.07	0.97	0.91	True
GCF_016500695	5419	5226	91	genus	0.81	0.78	0.28	0.1	0.23	0.95	0.74	True
GCF_015356495	5689	5547	5	family	0.9	0.88	0.53	0.03	0.07	0.93	0.82	False
GCF_014725915	5329	5211	2	family	0.93	0.91	0.43	0.02	0.05	0.93	0.85	True
GCF_018446915	5143	5057	113	genus	0.89	0.88	0.39	0.14	0.33	0.95	0.84	True
GCF_005281345	4914	4751	106	genus	0.84	0.81	0.24	0.08	0.19	0.94	0.76	True
GCF_006937845	5107	4993	155	family	0.93	0.91	0.86	0.02	0.04	0.94	0.85	False
GCF_014103415	5416	5173	10	family	0.92	0.88	0.22	0.04	0.09	0.92	0.81	True
GCF_015965415	5035	4949	185	species	0.91	0.9	0.03	0.04	0.09	0.99	0.89	True
GCF_900446955	4665	4602	2	genus	0.88	0.86	0.01	0.02	0.05	0.98	0.85	True
GCF_020889405	4876	4778	31	genus	0.82	0.81	0.08	0.03	0.06	0.95	0.77	True
GCF_013732395	5605	5378	8	family	0.93	0.89	0.11	0.02	0.05	0.93	0.83	True
GCF_013336855	5526	5399	8	genus	0.84	0.83	0.21	0.13	0.3	0.94	0.78	True
GCF_003812405	4187	4168	1	kingdom	1.0	1.0	0.0	0.0	0.0	0.98	0.98	True
GCF_002864025	4894	4797	69	family	0.95	0.94	0.85	0.03	0.07	0.94	0.88	False
GCF_013336845	5557	5353	9	family	0.93	0.9	0.45	0.05	0.11	0.93	0.84	False
GCF_016507845	4626	4567	32	genus	0.89	0.88	0.21	0.02	0.05	0.99	0.87	True
GCF_018252635	4463	4406	47	genus	0.89	0.88	0.11	0.05	0.11	0.96	0.84	True
GCF_004146055	5499	5309	489	family	0.94	0.91	0.48	0.02	0.04	0.94	0.85	False
GCF_018257795	3509	3399	42	family	0.96	0.93	0.06	0.2	0.54	0.8	0.75	True
GCF_001306025	4532	4490	8	kingdom	1.0	0.99	0.0	0.0	0.0	0.94	0.93	True
GCF_014856085	4704	4635	50	genus	0.85	0.84	0.12	0.05	0.11	0.96	0.8	True
GCF_013784065	4968	4873	2	kingdom	1.0	0.98	0.0	0.0	0.0	0.92	0.9	True
GCF_013899365	4512	4466	2	kingdom	1.0	0.99	0.0	0.0	0.0	0.94	0.93	True
GCF_016859885	5176	5097	69	genus	0.88	0.87	0.37	0.14	0.33	0.95	0.83	True
GCF_014596815	5120	4994	107	genus	0.85	0.83	0.41	0.12	0.29	0.94	0.79	True
GCF_018107785	4926	4830	130	genus	0.84	0.82	0.13	0.05	0.11	0.95	0.78	True
GCF_005280955	4550	4516	52	genus	0.94	0.93	0.06	0.02	0.04	0.99	0.92	True
GCF_015668035	4409	4351	25	genus	0.89	0.88	0.03	0.03	0.06	0.96	0.84	True
GCF_014104105	5161	5081	9	family	0.95	0.93	0.05	0.03	0.05	0.92	0.86	True
GCF_900460985	4386	4367	3	genus	0.92	0.92	0.03	0.05	0.11	0.98	0.9	True
GCF_015208815	5053	4977	54	family	0.94	0.93	0.81	0.03	0.07	0.95	0.88	False
GCF_900079995	4875	4819	35	genus	0.88	0.87	0.23	0.08	0.18	0.95	0.83	True
GCF_012955585	4259	4233	1	kingdom	1.0	0.99	0.0	0.0	0.0	0.99	0.98	True
GCF_002947035	4540	4505	3	kingdom	1.0	0.99	0.0	0.0	0.0	0.97	0.96	True
GCF_015353115	4720	4661	2	kingdom	1.0	0.99	0.0	0.0	0.0	0.97	0.96	True
GCF_013748855	5129	5048	3	family	0.96	0.95	0.02	0.02	0.05	0.94	0.89	True
GCF_003937345	5315	5191	7	genus	0.86	0.84	0.21	0.15	0.37	0.94	0.79	True
GCF_012952645	4788	4719	2	genus	0.86	0.84	0.27	0.06	0.14	0.96	0.81	True
GCF_016503955	4930	4853	73	genus	0.86	0.85	0.19	0.08	0.19	0.95	0.81	True
GCF_001276125	4698	4648	34	genus	0.89	0.88	0.15	0.02	0.05	0.98	0.87	True
ERQ0162	5075	4946	169	genus	0.82	0.8	0.31	0.06	0.13	0.95	0.76	True
GCF_016504225	4834	4772	28	genus	0.85	0.84	0.1	0.06	0.12	0.95	0.8	True
GCF_008802955	5346	5285	370	family	0.96	0.95	0.99	0.07	0.15	0.98	0.93	False
GCF_014802925	5044	4951	144	genus	0.86	0.84	0.23	0.09	0.21	0.95	0.8	True
GCF_900169695	5468	5339	297	family	0.93	0.9	0.52	0.06	0.13	0.93	0.84	False
GCF_005280935	4616	4536	90	genus	0.89	0.87	0.06	0.05	0.11	0.95	0.83	True
GCF_021503935	4708	4623	34	family	0.96	0.95	0.41	0.02	0.05	0.94	0.89	True
GCF_018443315	5241	5099	106	genus	0.82	0.8	0.17	0.06	0.14	0.95	0.76	True
GCF_018279205	4399	4351	1	kingdom	1.0	0.99	0.0	0.0	0.0	0.94	0.93	True
GCF_016504905	4599	4520	39	genus	0.85	0.84	0.12	0.02	0.05	0.98	0.82	True
GCF_016500715	4428	4370	24	genus	0.89	0.88	0.07	0.06	0.13	0.95	0.84	True
GCF_004103775	5020	4963	2	genus	0.83	0.82	0.02	0.06	0.13	0.95	0.78	True
GCF_016893845	4224	4156	1	kingdom	1.0	0.98	0.0	0.0	0.0	0.99	0.97	True
GCF_013360255	5307	5107	5	family	0.93	0.89	0.13	0.02	0.05	0.94	0.84	True
GCF_902363265	4391	4334	21	genus	0.9	0.89	0.04	0.03	0.06	0.96	0.85	True
GCF_013389635	5551	5369	3	genus	0.83	0.8	0.06	0.13	0.31	0.95	0.76	True
SG18_227_S53	4357	4290	30	genus	0.88	0.87	0.05	0.03	0.05	0.95	0.83	True
GCF_002073755	4759	4712	1	kingdom	1.0	0.99	0.0	0.0	0.0	0.93	0.93	True
SG18_138_2_S33	4313	4255	22	genus	0.88	0.87	0.03	0.03	0.06	0.95	0.83	True
GCF_015672735	4529	4485	81	genus	0.87	0.87	0.09	0.07	0.15	0.94	0.81	True
GCF_015667445	4901	4738	79	genus	0.87	0.84	0.23	0.05	0.1	0.98	0.82	True
GCF_004005575	5897	5692	833	family	0.94	0.91	0.58	0.03	0.06	0.93	0.84	False
GCF_013781945	4595	4548	1	kingdom	1.0	0.99	0.0	0.0	0.0	0.94	0.93	True
GCF_003019835	4135	4049	1	kingdom	1.0	0.98	0.0	0.0	0.0	0.95	0.93	True
GCF_003571565	5564	5404	6	genus	0.82	0.79	0.24	0.12	0.29	0.94	0.75	True
GCF_001586835	4642	4576	89	genus	0.88	0.86	0.26	0.09	0.2	0.96	0.83	True
GCF_001058505	5342	5105	182	genus	0.84	0.8	0.33	0.09	0.2	0.95	0.76	True
GCF_014104015	5332	5116	15	family	0.91	0.88	0.1	0.02	0.05	0.92	0.81	True
GCF_016500665	4441	4406	44	kingdom	1.0	0.99	0.0	0.0	0.0	0.98	0.97	True
GCF_009856695	4541	4486	1	kingdom	1.0	0.99	0.0	0.0	0.0	0.94	0.93	True
GCF_002918865	4655	4579	39	genus	0.89	0.88	0.07	0.07	0.17	0.95	0.84	True
GCF_003114935	5193	5062	171	family	0.94	0.92	0.63	0.03	0.06	0.93	0.85	False
GCF_006385635	5309	5121	5	family	0.93	0.9	0.42	0.05	0.1	0.93	0.84	True
GCF_013727455	5318	5157	4	genus	0.86	0.83	0.05	0.13	0.32	0.95	0.79	True
GCF_013740875	5086	4912	5	genus	0.83	0.8	0.09	0.12	0.28	0.94	0.75	True
GCF_002918875	5391	5185	137	genus	0.84	0.81	0.26	0.14	0.33	0.95	0.77	True
GCF_017151445	4702	4630	64	genus	0.87	0.86	0.05	0.06	0.12	0.95	0.82	True
GCF_016505325	4972	4797	59	genus	0.83	0.8	0.09	0.05	0.12	0.95	0.76	True
GCF_005406305	4175	4160	1	kingdom	1.0	1.0	0.0	0.0	0.0	0.98	0.98	True
GCF_001413335	5110	4980	180	genus	0.84	0.82	0.27	0.07	0.16	0.95	0.78	True
GCF_017353275	4836	4747	54	genus	0.88	0.87	0.13	0.09	0.2	0.95	0.82	True
GCF_001316675	6625	6202	752	family	0.95	0.88	0.44	0.07	0.15	0.92	0.82	True
GCF_016505585	5003	4896	30	genus	0.86	0.84	0.08	0.08	0.17	0.95	0.8	True
GCF_021441345	4440	4371	104	genus	0.86	0.85	0.08	0.03	0.06	0.96	0.82	True
GCF_003226155	4453	4397	10	kingdom	1.0	0.99	0.0	0.0	0.0	0.97	0.96	True
GCF_905337805	4441	4384	4	kingdom	1.0	0.99	0.0	0.0	0.0	0.96	0.95	True
GCF_016505195	4462	4421	27	species	0.87	0.87	0.01	0.03	0.07	0.99	0.86	True
GCF_000521945	4568	4511	4	genus	0.93	0.91	0.01	0.08	0.19	0.95	0.87	True
GCF_015910405	4986	4907	4	family	0.95	0.93	0.42	0.02	0.05	0.94	0.87	True
GCF_002919825	5481	5349	123	family	0.93	0.91	0.39	0.02	0.05	0.93	0.85	True
GCF_018917665	4969	4881	40	genus	0.87	0.86	0.2	0.03	0.07	0.98	0.84	True
GCF_009832525	4669	4606	41	species	0.84	0.83	0.06	0.08	0.18	0.99	0.82	True
GCF_018106185	5113	5034	114	species	0.83	0.81	0.22	0.05	0.1	0.99	0.8	True
GCF_011030065	5554	5374	122	genus	0.83	0.8	0.33	0.12	0.29	0.94	0.75	True
GCF_021417245	5295	5173	122	family	0.94	0.92	0.48	0.03	0.06	0.93	0.86	False
GCF_017086505	4636	4571	2	kingdom	1.0	0.99	0.0	0.0	0.0	0.93	0.92	True
GCF_002249995	5457	5379	4	species	0.71	0.7	0.47	0.15	0.37	0.96	0.68	False
GCF_014332835	5042	4917	61	genus	0.83	0.81	0.12	0.08	0.17	0.95	0.76	True
GCF_016505495	4600	4551	18	species	0.83	0.82	0.04	0.05	0.12	0.99	0.81	True
GCF_016811995	4295	4245	2	kingdom	1.0	0.99	0.0	0.0	0.0	0.89	0.88	True
GCF_016501445	4526	4485	15	genus	0.89	0.88	0.02	0.03	0.07	0.98	0.87	True
GCF_900461045	4667	4590	16	species	0.83	0.82	0.14	0.05	0.11	0.99	0.81	True
GCF_021440885	4652	4595	78	genus	0.9	0.89	0.27	0.09	0.2	0.95	0.85	True
GCF_000786275	4723	4668	13	genus	0.88	0.87	0.01	0.06	0.13	0.95	0.83	True
GCF_000972645	4746	4689	132	genus	0.85	0.84	0.28	0.06	0.14	0.95	0.8	True
GCF_013267145	5017	4947	3	kingdom	1.0	0.99	0.0	0.0	0.0	0.93	0.91	True
GCF_009876825	4620	4546	19	species	0.84	0.83	0.01	0.03	0.07	0.99	0.82	True
GCF_001413165	5197	5066	150	genus	0.85	0.83	0.32	0.1	0.22	0.95	0.79	True
GCF_002918935	5143	5021	32	family	0.93	0.91	0.18	0.03	0.05	0.89	0.81	True
GCF_013729995	4682	4626	4	genus	0.9	0.89	0.04	0.11	0.25	0.95	0.85	True
GCF_001067775	4778	4692	98	genus	0.86	0.85	0.19	0.06	0.13	0.95	0.81	True
GCF_014803145	5114	5014	117	genus	0.87	0.86	0.18	0.11	0.27	0.95	0.81	True
GCF_900636015	4461	4422	1	kingdom	1.0	0.99	0.0	0.0	0.0	0.95	0.94	True
GCF_014103835	5166	5058	7	genus	0.87	0.86	0.14	0.13	0.31	0.94	0.81	True
GCF_001858105	4284	4266	20	genus	0.91	0.91	0.03	0.03	0.05	0.99	0.9	True
GCF_009907085	5166	5049	353	genus	0.87	0.85	0.41	0.04	0.08	0.98	0.83	True
GCF_001546325	4486	4441	52	species	0.83	0.82	0.05	0.03	0.06	0.99	0.81	True
GCF_016503505	5314	5195	47	family	0.93	0.91	0.85	0.03	0.07	0.93	0.85	False
GCF_012102405	4352	4304	18	genus	0.9	0.89	0.03	0.04	0.08	0.96	0.86	True
GCF_902160995	4632	4569	35	genus	0.87	0.86	0.11	0.06	0.12	0.95	0.82	True
GCF_019270275	4189	4122	1	kingdom	1.0	0.98	0.0	0.0	0.0	0.95	0.93	True
GCF_014855985	5220	5010	109	genus	0.85	0.82	0.23	0.11	0.27	0.95	0.78	True
GCF_016505035	4367	4344	15	genus	0.91	0.9	0.03	0.03	0.05	0.99	0.89	True
GCF_002919425	4840	4770	28	genus	0.85	0.84	0.15	0.05	0.12	0.95	0.8	True
GCF_016503225	4906	4831	39	genus	0.87	0.86	0.15	0.07	0.16	0.95	0.82	True
GCF_013615435	4948	4894	3	genus	0.85	0.84	0.01	0.07	0.16	0.95	0.8	True
GCF_018421745	4524	4479	74	species	0.82	0.81	0.26	0.03	0.06	0.99	0.81	True
GCF_008931485	5222	5118	3	family	0.92	0.91	0.6	0.03	0.06	0.94	0.85	False
GCF_910573735	5024	4937	103	species	0.9	0.89	0.02	0.04	0.08	0.99	0.88	True
GCF_016504925	4537	4482	24	genus	0.89	0.88	0.04	0.06	0.12	0.96	0.84	True
GCF_013786205	4938	4796	3	genus	0.86	0.84	0.06	0.13	0.3	0.94	0.79	True
GCF_002738435	5157	4980	53	family	0.94	0.91	0.57	0.02	0.04	0.94	0.85	False
GCF_013781985	5190	5115	5	family	0.93	0.92	0.17	0.03	0.07	0.94	0.86	True
GCF_019655655	5186	5085	122	family	0.93	0.91	0.41	0.04	0.09	0.93	0.85	True
ERQ0572	5415	5204	155	family	0.91	0.87	0.64	0.03	0.05	0.94	0.82	False
GCF_018441435	5209	5030	86	family	0.92	0.89	0.65	0.03	0.06	0.94	0.84	False
GCF_005281245	4206	4122	63	genus	0.86	0.84	0.07	0.03	0.06	0.95	0.8	True
GCF_001276105	4699	4648	41	genus	0.89	0.88	0.2	0.02	0.05	0.98	0.87	True
GCF_019803045	5144	4979	5	family	0.93	0.9	0.41	0.02	0.05	0.94	0.85	True
GCF_012955545	4342	4304	1	kingdom	1.0	0.99	0.0	0.0	0.0	0.94	0.94	True
GCF_014103585	5300	5206	21	family	0.93	0.91	0.22	0.02	0.05	0.94	0.85	True
ERQ0251	5068	4941	172	family	0.94	0.91	0.59	0.03	0.06	0.94	0.86	False
GCF_013781965	5143	4947	4	genus	0.86	0.83	0.05	0.13	0.32	0.95	0.79	True
GCF_014856095	5239	5029	110	genus	0.85	0.82	0.24	0.12	0.27	0.95	0.78	True
ERQ0672	5810	5461	153	family	0.92	0.86	0.68	0.07	0.15	0.92	0.8	False
GCF_011030315	5302	5219	160	genus	0.88	0.86	0.35	0.15	0.38	0.94	0.82	True
GCF_002211705	5431	5234	3	genus	0.87	0.83	0.04	0.12	0.28	0.95	0.79	True
GCF_000937455	5567	5393	16	family	0.96	0.93	0.51	0.05	0.11	0.94	0.88	False
ERQ0169	4905	4828	97	genus	0.85	0.83	0.14	0.07	0.14	0.95	0.79	True
SD_9_C7	4533	4487	33	genus	0.89	0.88	0.09	0.04	0.09	0.95	0.84	True
GCF_016505185	4500	4450	18	genus	0.89	0.88	0.03	0.03	0.06	0.98	0.86	True
GCF_014105665	4755	4697	66	genus	0.88	0.87	0.15	0.09	0.2	0.95	0.83	True
GCF_000398825	4553	4498	4	kingdom	1.0	0.99	0.0	0.0	0.0	0.94	0.93	True
GCF_000155975	4723	4642	10	genus	0.87	0.86	0.06	0.06	0.13	0.96	0.82	True
GCF_019265365	4081	3995	1	kingdom	1.0	0.98	0.0	0.0	0.0	0.95	0.93	True
GCF_016504725	5045	4966	32	family	0.94	0.92	0.51	0.03	0.05	0.95	0.88	False
GCF_005280815	4862	4772	263	family	0.94	0.93	1.0	0.03	0.05	0.96	0.89	False
DB_3_D1	5793	5517	500	family	0.93	0.89	0.74	0.06	0.12	0.93	0.83	False
GCF_013737455	5618	5394	7	family	0.93	0.89	0.15	0.03	0.05	0.93	0.83	True
SG18_109_2_S19	4667	4571	31	genus	0.87	0.85	0.07	0.05	0.11	0.95	0.8	True
GCF_000238735	4845	4789	11	genus	0.89	0.88	0.05	0.08	0.18	0.95	0.84	True
GCF_018439905	4796	4710	362	genus	0.87	0.86	0.28	0.07	0.16	0.96	0.82	True
GCF_016503695	4633	4581	54	genus	0.89	0.88	0.13	0.08	0.17	0.95	0.84	True
GCF_001034445	4896	4815	10	genus	0.86	0.84	0.07	0.09	0.21	0.95	0.8	True
GCF_019659885	5331	5223	111	family	0.96	0.94	0.45	0.05	0.1	0.93	0.87	True
GCF_013345705	4980	4869	6	genus	0.85	0.83	0.01	0.06	0.13	0.95	0.79	True
GCF_013751895	4780	4725	2	genus	0.88	0.87	0.01	0.09	0.2	0.95	0.83	True
GCF_008364645	4528	4492	51	genus	0.9	0.9	0.14	0.05	0.11	0.96	0.86	True
GCF_011392435	4842	4702	113	family	0.94	0.91	0.53	0.03	0.06	0.93	0.85	False
GCF_019048805	5272	5126	2	genus	0.8	0.78	0.01	0.06	0.13	0.94	0.73	True
GCF_017154235	4468	4414	56	genus	0.89	0.88	0.1	0.05	0.11	0.96	0.84	True
GCF_001412855	5107	4979	143	genus	0.84	0.82	0.23	0.07	0.16	0.95	0.78	True
GCF_004327835	5229	5026	197	genus	0.83	0.8	0.35	0.08	0.18	0.95	0.76	True
GCF_014856035	4930	4841	101	genus	0.88	0.86	0.21	0.11	0.26	0.95	0.82	True
GCF_011022025	5012	4852	3	genus	0.82	0.79	0.06	0.06	0.12	0.95	0.75	True
GCF_015356435	4509	4457	4	kingdom	1.0	0.99	0.0	0.0	0.0	0.94	0.93	True
ERQ0199	5177	4971	178	genus	0.81	0.78	0.33	0.06	0.14	0.95	0.75	True
GCF_016501105	4353	4325	16	species	0.85	0.84	0.05	0.03	0.05	0.99	0.83	True
GCF_018423015	5098	4914	98	genus	0.85	0.82	0.18	0.08	0.18	0.95	0.78	True
GCF_001412875	5110	4987	143	genus	0.84	0.82	0.23	0.07	0.16	0.95	0.78	True
GCF_016501565	4439	4358	23	genus	0.88	0.87	0.04	0.06	0.12	0.95	0.82	True
GCF_014337335	5305	5174	4	family	0.95	0.92	0.33	0.03	0.05	0.93	0.86	True
GCF_004569315	4491	4452	24	species	0.83	0.82	0.03	0.03	0.06	0.99	0.81	True
GCF_001880825	5335	5209	201	family	0.93	0.91	0.8	0.03	0.06	0.94	0.86	False
GCF_001317135	5461	5244	226	family	0.92	0.89	0.63	0.03	0.07	0.94	0.83	False
GCF_016501545	4427	4361	20	genus	0.87	0.86	0.03	0.03	0.06	0.95	0.82	True
GCF_014802965	5450	5217	118	family	0.92	0.88	0.42	0.02	0.05	0.94	0.83	True
GCF_010231475	4988	4817	155	family	0.93	0.89	0.36	0.06	0.13	0.88	0.79	True
GCF_014332855	5038	4916	49	genus	0.83	0.81	0.11	0.08	0.17	0.95	0.77	True
GCF_902706235	5012	4908	110	family	0.94	0.93	0.26	0.08	0.16	0.85	0.79	True
GCF_016503825	4774	4700	45	kingdom	1.0	0.98	0.0	0.0	0.0	0.96	0.95	True
GCF_019656355	4734	4678	86	genus	0.9	0.89	0.13	0.06	0.13	0.95	0.85	True
GCF_008364725	4672	4613	44	genus	0.87	0.86	0.07	0.06	0.13	0.96	0.82	True
GCF_008364895	5112	4985	107	genus	0.86	0.83	0.42	0.12	0.29	0.94	0.79	True
GCF_009649935	4801	4711	3	genus	0.83	0.82	0.01	0.04	0.09	0.96	0.78	True
GCF_016504745	4470	4428	29	genus	0.89	0.88	0.08	0.03	0.06	0.99	0.87	True
GCF_021496985	4706	4647	5	genus	0.9	0.89	0.01	0.08	0.19	0.95	0.85	True
GCF_019585185	5073	4969	167	family	0.95	0.93	0.51	0.02	0.05	0.94	0.87	False
GCF_016502285	4649	4559	34	genus	0.88	0.86	0.08	0.06	0.12	0.95	0.82	True
GCF_008502135	4959	4902	60	genus	0.86	0.85	0.16	0.09	0.21	0.95	0.81	True
GCF_004004965	5815	5573	393	family	0.93	0.89	0.58	0.02	0.05	0.92	0.82	False
GCF_016893885	4207	4130	1	kingdom	1.0	0.98	0.0	0.0	0.0	0.99	0.97	True
GCF_016500565	4586	4541	24	species	0.83	0.82	0.11	0.05	0.12	0.99	0.81	True
GCF_008693605	4525	4476	2	kingdom	1.0	0.99	0.0	0.0	0.0	0.94	0.93	True
GCF_016503735	4590	4513	40	genus	0.86	0.85	0.04	0.03	0.06	0.96	0.81	True
GCF_902160915	4658	4594	56	genus	0.86	0.85	0.11	0.06	0.12	0.95	0.81	True
GCF_010592375	7104	6840	1787	order	0.94	0.91	0.99	0.12	0.27	0.93	0.84	False
GCF_021278985	5062	4990	2	kingdom	1.0	0.99	0.0	0.0	0.0	0.98	0.97	True
GCF_019731585	4818	4776	46	species	0.86	0.86	0.11	0.04	0.09	0.99	0.85	True
GCF_002025225	4848	4695	2	kingdom	1.0	0.97	0.0	0.0	0.0	0.95	0.92	True
GCF_000398845	4944	4870	12	genus	0.86	0.84	0.04	0.08	0.19	0.95	0.8	True
GCF_008364705	5185	5091	56	genus	0.85	0.83	0.39	0.11	0.25	0.94	0.78	True
GCF_016501675	4221	4205	18	kingdom	1.0	1.0	0.0	0.0	0.0	0.99	0.99	True
GCF_001413315	5117	4993	163	genus	0.84	0.82	0.24	0.07	0.15	0.95	0.78	True
GCF_013336945	5554	5391	12	family	0.94	0.91	0.5	0.06	0.13	0.93	0.85	False
GCF_015167655	4967	4896	1	kingdom	1.0	0.99	0.0	0.0	0.0	0.93	0.92	True
SG18_42_S4	4680	4601	32	genus	0.89	0.87	0.1	0.07	0.16	0.95	0.82	True
GCF_013336995	5084	4993	22	family	0.94	0.92	0.83	0.03	0.07	0.94	0.87	False
GCF_019655495	4986	4901	171	family	0.93	0.91	0.87	0.02	0.05	0.94	0.86	False
GCF_001880945	5398	5261	202	genus	0.82	0.8	0.4	0.11	0.25	0.94	0.76	True
GCF_014803165	5420	5212	223	family	0.93	0.9	0.52	0.02	0.05	0.94	0.84	False
GCF_002185305	4734	4683	37	genus	0.91	0.9	0.09	0.02	0.05	0.98	0.89	True
GCF_013751655	4747	4698	2	genus	0.87	0.86	0.01	0.07	0.16	0.95	0.82	True
GCF_013790265	4720	4668	1	kingdom	1.0	0.99	0.0	0.0	0.0	0.94	0.93	True
GCF_001062165	4633	4572	87	genus	0.87	0.86	0.08	0.03	0.06	0.96	0.82	True
GCF_013828645	4363	4310	1	kingdom	1.0	0.99	0.0	0.0	0.0	0.92	0.91	True
GCF_002919495	5133	5013	22	family	0.93	0.91	0.13	0.03	0.05	0.89	0.81	True
GCF_018444815	5430	5295	200	genus	0.86	0.84	0.37	0.15	0.38	0.94	0.79	True
GCF_013731955	4621	4572	1	kingdom	1.0	0.99	0.0	0.0	0.0	0.94	0.93	True
GCF_016503295	4636	4585	29	genus	0.89	0.88	0.09	0.06	0.12	0.98	0.86	True
GCF_000731055	5025	4943	107	genus	0.86	0.84	0.73	0.03	0.06	0.98	0.83	False
GCF_001059255	5246	5061	299	genus	0.83	0.8	0.33	0.07	0.15	0.95	0.76	True
GCF_001037575	5009	4913	6	genus	0.87	0.85	0.23	0.1	0.22	0.95	0.81	True
GCF_015554155	4720	4654	22	species	0.76	0.75	0.01	0.09	0.2	0.96	0.72	True
