name	total_length	number	mean_length	longest	shortest	N_count	Gaps	N50	N50n	N70	N70n	N90	N90n
GCF_014901875	5955289	14	425377.79	2839311	1429	504544	135	2098165	2	2098165	2	511128	3
GCF_001281005	5080321	1	5080321.0	5080321	5080321	0	0	5080321	1	5080321	1	5080321	1
GCF_905218895	5197279	3	1732426.33	5066607	38483	0	0	5066607	1	5066607	1	5066607	1
GCF_902166445	5518303	216	25547.7	410483	367	0	0	158551	12	103302	20	25737	38
GCF_016500615	5196744	60	86612.4	959003	579	0	0	514447	4	289124	7	116904	12
GCF_016905765	5437622	279	19489.68	124003	200	0	0	46737	39	26633	71	10604	127
GCF_014856055	4903634	47	104332.64	1163948	648	0	0	652213	3	288104	5	113277	11
GCF_016501665	4700360	17	276491.76	1674650	600	0	0	840952	2	694935	4	178000	6
GCF_013801705	4861768	1	4861768.0	4861768	4861768	0	0	4861768	1	4861768	1	4861768	1
GCF_019660505	5148887	84	61296.27	590817	570	0	0	181995	8	122962	15	63014	25
GCF_010590395	5315068	587	9054.63	532392	200	879	9	219472	8	158480	13	85150	24
GCF_016905675	5413064	245	22094.14	149485	216	0	0	50804	34	29731	63	14511	115
GCF_013925725	5532461	8	691557.62	5087483	2694	100	1	5087483	1	5087483	1	5087483	1
GCF_901456235	5110715	5	1022143.0	4892588	5386	0	0	4892588	1	4892588	1	4892588	1
GCF_018439045	5442038	1157	4703.58	66624	200	0	0	11464	140	7226	259	2513	499
GCF_008931625	5540627	6	923437.83	5088693	3223	0	0	5088693	1	5088693	1	5088693	1
GCF_013724985	4779902	3	1593300.67	4773574	3079	0	0	4773574	1	4773574	1	4773574	1
GCF_020809005	5260876	4	1315219.0	5092352	6874	0	0	5092352	1	5092352	1	5092352	1
GCF_902498925	5224452	142	36791.92	439565	92	0	0	183832	10	128992	17	43075	31
GCF_018919595	5090683	596	8541.41	120988	200	1	1	22300	69	12170	132	4259	268
GCF_014855955	5090719	63	80805.06	718292	544	0	0	397414	5	251614	8	86516	17
GCF_905338045	5355965	8	669495.62	5085387	2195	0	0	5085387	1	5085387	1	5085387	1
GCF_016500575	5129079	43	119280.91	804604	552	0	0	403877	5	200249	8	107265	14
GCF_002151755	5315128	5	1063025.6	3297247	6698	21416	33	3297247	1	1418392	2	335287	3
GCF_013836145	4382172	1	4382172.0	4382172	4382172	0	0	4382172	1	4382172	1	4382172	1
ERQ0166	5315477	662	8029.42	218335	92	0	0	116814	16	55214	30	19188	60
GCF_016892575	4768613	38	125489.82	758403	213	0	0	324808	6	144987	10	74321	18
GCF_013899385	4889497	1	4889497.0	4889497	4889497	0	0	4889497	1	4889497	1	4889497	1
GCF_013725595	5492846	4	1373211.5	5103922	82097	0	0	5103922	1	5103922	1	5103922	1
GCF_005281355	4941213	96	51470.97	405760	202	584	7	117986	12	89474	21	36845	40
GCF_016504815	5231972	34	153881.53	1645179	516	0	0	462450	3	346526	5	131553	11
GCF_016859905	5375935	90	59732.61	670087	126	0	0	318572	6	211152	10	55605	20
GCF_000521965	5269965	2	2634982.5	4981099	288866	11672	10	4981099	1	4981099	1	4981099	1
GCF_004004805	5300882	242	21904.47	327881	200	0	0	100338	15	55991	28	15825	65
GCF_014803105	5193287	103	50420.26	399233	205	8	1	141526	12	102050	21	35262	39
GCF_013749535	5334674	3	1778224.67	5087480	2746	0	0	5087480	1	5087480	1	5087480	1
GCF_001037585	5627653	4	1406913.25	5145556	9597	0	0	5145556	1	5145556	1	5145556	1
GCF_001721255	5580399	149	37452.34	607806	500	0	0	294571	7	135912	12	39208	27
GCF_008931685	5613343	6	935557.17	5070767	3223	0	0	5070767	1	5070767	1	5070767	1
GCF_900079795	5109913	1	5109913.0	5109913	5109913	0	0	5109913	1	5109913	1	5109913	1
GCF_014803115	5250264	96	54690.25	747996	231	0	0	158124	9	105915	16	36503	30
GCF_900461055	4821608	15	321440.53	1216329	6471	0	0	652510	3	417379	5	254836	8
GCF_018066565	5417625	75	72235.0	415319	755	0	0	172429	10	101129	19	62746	31
GCF_005281175	4715026	44	107159.68	601708	205	4996	36	471099	5	397514	7	96800	12
GCF_003990165	5006960	26	192575.38	807713	10415	70	3	456934	5	200475	9	101483	15
GCF_002051555	4979600	48	103741.67	923887	504	0	0	346134	4	230661	7	73383	16
GCF_016905775	5293996	210	25209.5	166525	216	0	0	63284	30	33764	54	18337	95
GCF_016505335	4910421	28	175372.18	1177234	579	0	0	422689	4	303812	6	119345	12
GCF_001022155	5489397	10	548939.7	4976908	1916	0	0	4976908	1	4976908	1	4976908	1
GCF_002192675	5317378	171	31095.78	312247	273	0	0	130817	13	85707	24	38679	41
GCF_014101295	4859340	9	539926.67	4550211	201	0	0	4550211	1	4550211	1	4550211	1
GCF_005281025	5056734	113	44749.86	428785	205	534	3	185138	11	111111	17	33625	30
ERQ0156	5293138	208	25447.78	232798	112	0	0	73861	22	52850	39	18238	68
GCF_015965555	5245589	198	26492.87	236808	220	0	0	63782	25	43484	44	22939	75
GCF_014679775	4925206	1	4925206.0	4925206	4925206	0	0	4925206	1	4925206	1	4925206	1
GCF_000937505	5911694	19	311141.79	5206009	2150	15155	21	5206009	1	5206009	1	291028	2
GCF_001880955	5356462	178	30092.48	1016321	200	0	0	373288	5	102164	13	34432	30
GCF_018441285	5289393	79	66954.34	555827	231	387	6	189762	9	121793	16	40590	30
GCF_019270335	4951267	1	4951267.0	4951267	4951267	147318	31	4951267	1	4951267	1	4951267	1
DB_3_C11	5353585	285	18784.51	317812	112	0	0	123405	16	62504	27	17274	58
SD_5_A12	4775739	318	15018.05	117090	117	0	0	25670	54	17047	99	7792	179
GCF_014802805	5112605	147	34779.63	234402	208	0	0	89408	20	48227	35	24723	65
GCF_008370125	5414211	455	11899.36	220722	201	0	0	45242	34	25274	65	9461	131
GCF_002903215	5634842	3	1878280.67	5334524	65291	0	0	5334524	1	5334524	1	5334524	1
ERQ0165	5379254	231	23286.81	238266	112	0	0	108558	17	63121	30	20397	59
GCF_013792365	5182238	2	2591119.0	5004623	177615	0	0	5004623	1	5004623	1	5004623	1
GCF_002863945	5741697	187	30704.26	253022	511	0	0	91935	21	68471	35	20686	65
GCF_003400395	5041606	1025	4918.64	650630	206	0	0	331591	6	153575	11	48618	21
GCF_015731115	5339276	95	56202.91	1232964	302	0	0	306270	5	175175	9	53820	18
GCF_018421715	5383532	206	26133.65	455474	231	359	6	89634	18	57759	33	23696	63
GCF_002386385	4885099	1	4885099.0	4885099	4885099	0	0	4885099	1	4885099	1	4885099	1
GCF_019584005	5041104	122	41320.52	402503	205	95	1	205746	9	137482	15	46926	27
GCF_014333315	4567869	1	4567869.0	4567869	4567869	10385	17	4567869	1	4567869	1	4567869	1
GCF_002918575	5048886	15	336592.4	2069601	707	4	4	878382	2	613649	3	494535	5
GCF_004801125	5024923	59	85168.19	693466	227	102	2	260081	6	191088	11	78574	18
GCF_016500865	5008323	26	192627.81	2331659	995	0	0	539098	2	450188	4	156672	8
GCF_016503635	4911522	28	175411.5	1035530	613	0	0	479862	4	325639	7	140875	11
GCF_000783445	4727356	1	4727356.0	4727356	4727356	0	0	4727356	1	4727356	1	4727356	1
GCF_000018045	4735357	3	1578452.33	4720462	5601	0	0	4720462	1	4720462	1	4720462	1
GCF_004005255	5322506	172	30944.8	370567	201	0	0	135177	12	86747	21	21311	45
GCF_016500885	5050610	65	77701.69	562124	511	0	0	244113	7	140378	12	51494	24
GCF_005281165	5001858	66	75785.73	753816	220	2152	27	308606	6	198082	10	77809	18
GCF_015670485	4856610	23	211156.96	1240845	1013	614	7	705368	3	681889	4	162226	8
GCF_016502045	5379523	69	77964.1	629749	663	0	0	280961	7	167831	11	67987	21
GCF_005281155	4741820	112	42337.68	252277	203	957	7	111705	15	73142	26	28696	46
GCF_009876795	4866214	25	194648.56	950629	1384	1	1	512262	4	371477	6	108107	11
GCF_003015305	4917171	30	163905.7	747808	311	0	0	565700	4	432543	6	128988	11
GCF_002417525	5100648	235	21704.89	517331	208	0	0	201467	8	118895	14	57001	26
GCF_011602505	5370159	3	1790053.0	5246113	34341	0	0	5246113	1	5246113	1	5246113	1
GCF_015230995	5324777	57	93417.14	1119318	526	0	0	764251	3	493809	5	98433	11
GCF_000277565	5090626	73	69734.6	719223	436	0	0	227071	7	123036	13	46027	26
GCF_016500585	5589455	108	51754.21	607040	506	0	0	182770	9	126283	16	55974	27
GCF_004801105	5273335	64	82395.86	616719	207	138	2	261533	7	213716	11	88632	19
GCF_005960425	5315607	3	1771869.0	4952107	53964	0	0	4952107	1	4952107	1	4952107	1
GCF_004023995	5194147	151	34398.32	338629	211	10	1	130825	12	85229	22	39621	38
GCF_004801115	5139193	106	48482.95	466629	210	431	2	178284	10	106484	17	36584	33
GCF_010319905	5161296	2	2580648.0	4987090	174206	0	0	4987090	1	4987090	1	4987090	1
GCF_002939255	5072546	94	53963.26	436852	690	553	1	142532	13	77351	23	29984	41
GCF_021417205	5323472	98	54321.14	626374	205	280	10	217455	9	117899	15	44769	28
GCF_016509215	5252658	28	187594.93	979505	627	0	0	474563	5	340282	7	114663	13
GCF_014855625	5862427	146	40153.61	1010973	515	0	0	347795	5	156737	11	48113	21
GCF_014803025	5674786	117	48502.44	516359	269	30	4	158296	10	122809	18	40590	32
ERQ0683	5546110	599	9258.95	233786	112	0	0	114708	18	73614	29	24589	53
GCF_016503845	5192123	70	74173.19	593299	547	0	0	426470	6	208407	9	84440	16
GCF_000158355	5023211	9	558134.56	1661513	85854	2100	21	770620	3	511277	4	400500	6
GCF_016502215	4901756	19	257987.16	769682	659	0	0	513773	4	490280	6	145892	10
GCF_013745755	5259515	3	1753171.67	4883072	78953	0	0	4883072	1	4883072	1	4883072	1
ERQ0172	5675460	127	44688.66	647393	112	0	0	230911	8	118011	16	50894	30
GCF_001055315	5098632	115	44335.93	282755	376	1177	28	119476	15	73313	27	26465	53
GCF_016504035	5077434	47	108030.51	725079	512	0	0	284690	6	178684	10	69173	20
GCF_016500875	4881766	29	168336.76	1244718	527	0	0	678649	3	402766	5	263213	8
SD_2_G2	4858996	177	27451.95	291759	112	0	0	142751	13	110985	21	67460	32
GCF_900446905	4975888	6	829314.67	4880822	12733	0	0	4880822	1	4880822	1	4880822	1
ERQ0682	5531919	187	29582.45	391931	112	0	0	168990	12	109486	20	33901	36
GCF_905219065	5418684	4	1354671.0	5142846	37891	0	0	5142846	1	5142846	1	5142846	1
GCF_013786145	5531178	3	1843726.0	5065503	152768	0	0	5065503	1	5065503	1	5065503	1
GCF_002918495	5164177	25	206567.08	1339582	656	1	1	610688	3	516470	5	151743	8
GCF_013798355	5306701	4	1326675.25	5182470	2843	0	0	5182470	1	5182470	1	5182470	1
GCF_010119415	5863926	170	34493.68	658030	206	0	0	189708	9	116101	16	32164	34
ERQ0044	5400345	244	22132.56	576697	112	0	0	94662	17	64749	30	21732	57
GCF_016501465	4854881	21	231184.81	2204621	841	0	0	682188	2	518059	3	146355	7
GCF_014803275	5281060	365	14468.66	157940	519	0	0	53440	30	26353	58	8077	126
GCF_002918465	5161825	21	245801.19	2107845	600	1	1	589615	2	516470	4	154182	7
GCF_018443005	5431341	114	47643.34	382735	221	455	4	178037	11	96438	19	51708	33
GCF_018441725	5265280	286	18410.07	131220	202	139	5	48045	35	28085	63	9792	124
GCF_015730635	5116981	50	102339.62	643262	316	0	0	406171	5	143513	9	88144	18
GCF_014931625	5090447	83	61330.69	1325008	208	0	0	373731	4	263033	7	84688	14
GCF_015234875	4826282	33	146250.97	2377752	210	0	0	705426	2	681697	3	292715	5
GCF_013815045	5042664	1	5042664.0	5042664	5042664	0	0	5042664	1	5042664	1	5042664	1
GCF_019656375	5133242	34	150977.71	822187	1312	0	0	530134	4	233013	7	90215	15
GCF_014103655	5354311	14	382450.79	4705233	245	0	0	4705233	1	4705233	1	294383	2
GCF_003471655	4775173	19	251324.89	1480389	550	100	10	461370	3	346560	5	184241	8
GCF_005217825	5393584	190	28387.28	267831	228	200	2	66020	24	36897	45	20653	83
GCF_016503915	4663363	22	211971.05	768759	552	0	0	622646	4	481740	6	467923	7
GCF_001317155	5552884	263	21113.63	198803	225	0	0	65830	29	35838	53	14803	96
GCF_013797615	5059614	3	1686538.0	5052482	2746	0	0	5052482	1	5052482	1	5052482	1
GCF_013826265	5133131	4	1283282.75	4928912	4839	0	0	4928912	1	4928912	1	4928912	1
GCF_014803265	5235347	513	10205.35	144846	504	0	0	34033	43	18543	83	4281	196
GCF_016501025	4888867	13	376066.69	2713470	1013	0	0	2713470	1	712679	2	476370	4
GCF_002918555	5533855	16	345865.94	1460498	630	15	15	1061460	3	576562	4	172722	7
GCF_021373375	4673746	25	186949.84	2285821	249	0	0	729706	2	462580	3	213248	6
GCF_016500795	4855305	20	242765.25	2204726	841	0	0	705441	2	681656	3	146355	6
GCF_016505625	5097702	30	169923.4	792184	545	0	0	410962	5	370750	7	141132	12
GCF_014855915	4913730	46	106820.22	1557759	535	0	0	672427	3	553393	4	125700	8
GCF_015674715	4858979	25	194359.16	1183042	435	0	0	554114	4	342283	6	160048	10
GCF_018342065	5094824	28	181958.0	1569430	1198	10	10	708461	3	349375	5	129243	9
GCF_021533375	4784998	265	18056.6	154110	201	0	0	41148	36	27671	65	11173	117
GCF_900449345	5290509	2	2645254.5	5234128	56381	0	0	5234128	1	5234128	1	5234128	1
GCF_016505395	4827497	28	172410.61	1280897	716	0	0	437683	4	382397	6	93684	11
GCF_016505485	5038394	49	102824.37	647082	517	0	0	267053	6	134683	12	85094	21
GCF_020099335	5071999	3	1690666.33	4760400	125776	0	0	4760400	1	4760400	1	4760400	1
ERQ0243	5439070	259	21000.27	297316	112	0	0	80533	20	51386	37	21289	69
GCF_014103475	5608844	26	215724.77	3564445	234	0	0	3564445	1	1515795	2	1515795	2
GCF_015230755	5484098	132	41546.2	431255	514	0	0	159630	12	119986	19	37854	37
GCF_016504865	5090318	44	115689.05	569543	654	0	0	314415	6	213582	10	98611	16
GCF_018106225	5437892	124	43853.97	450779	211	0	0	218020	8	151214	13	59482	25
GCF_016859695	5518639	116	47574.47	355495	523	0	0	179138	11	83683	20	38287	41
GCF_001482575	5332198	106	50303.75	516564	636	119	4	180261	10	122796	17	32153	33
GCF_001297795	5019613	53	94709.68	541311	2156	422	11	222754	7	126277	13	78341	24
GCF_009876695	4731495	118	40097.42	287653	1028	56	1	128339	13	66456	24	32789	44
GCF_009664045	5471065	2	2735532.5	5207876	263189	0	0	5207876	1	5207876	1	5207876	1
GCF_016504115	4982887	24	207620.29	1001824	995	0	0	769679	3	512266	5	156201	8
GCF_013612875	5504329	5	1100865.8	5067906	5480	0	0	5067906	1	5067906	1	5067906	1
GCF_018423095	5583849	989	5645.95	75182	205	952	11	10802	141	6629	272	2695	524
GCF_003255895	4945156	1	4945156.0	4945156	4945156	0	0	4945156	1	4945156	1	4945156	1
GCF_001034485	4925928	4	1231482.0	3894702	3660	2281	6	3894702	1	3894702	1	1020061	2
GCF_015674155	5321224	8	665153.0	5036548	2893	0	0	5036548	1	5036548	1	5036548	1
GCF_016504735	4977781	35	142222.31	620187	596	0	0	274866	6	156907	12	113543	19
GCF_016502055	5306813	81	65516.21	394824	1070	0	0	183677	11	145680	17	38726	30
SG18_265_S115	4817566	57	84518.7	620033	202	0	0	261168	6	151792	10	82849	18
GCF_013741395	5635065	5	1127013.0	5126475	3724	0	0	5126475	1	5126475	1	5126475	1
GCF_000027085	5444283	4	1361070.75	5346659	3910	0	0	5346659	1	5346659	1	5346659	1
GCF_008364715	5064812	48	105516.92	986112	517	0	0	406427	4	321664	7	113621	12
GCF_014902035	5809663	26	223448.58	2656055	1017	236044	92	909674	2	901910	3	160415	6
GCF_902381795	4945242	1	4945242.0	4945242	4945242	2800	28	4945242	1	4945242	1	4945242	1
GCF_013890155	4991577	2	2495788.5	4885668	105909	0	0	4885668	1	4885668	1	4885668	1
GCF_016893745	5070622	1	5070622.0	5070622	5070622	487243	269	5070622	1	5070622	1	5070622	1
GCF_901456255	5260813	5	1052162.6	5038088	5386	0	0	5038088	1	5038088	1	5038088	1
GCF_016504365	4909178	3	1636392.67	4894284	5601	0	0	4894284	1	4894284	1	4894284	1
GCF_018106145	5204197	97	53651.52	450779	212	0	0	196002	8	136464	14	80256	24
GCF_015231155	5368624	75	71581.65	431685	570	0	0	159631	12	119986	19	47020	34
GCF_014104005	5313885	3	1771295.0	5178449	1693	0	0	5178449	1	5178449	1	5178449	1
GCF_900446875	5401142	7	771591.71	2398141	45073	0	0	1846715	2	1846715	2	199011	4
GCF_902373845	5154159	10	515415.9	2724488	1555	3900	39	2724488	1	499154	3	423041	5
GCF_004353845	5370228	3	1790076.0	5211009	15855	0	0	5211009	1	5211009	1	5211009	1
GCF_013746155	5360557	4	1340139.25	5054623	3724	0	0	5054623	1	5054623	1	5054623	1
GCF_001880845	5302951	214	24780.14	596601	208	0	0	199021	8	101237	15	32206	33
GCF_002919455	5164811	24	215200.46	2107982	598	3	3	593986	2	518047	4	151743	7
GCF_014855525	5290030	146	36233.08	340034	503	0	0	158848	11	108931	19	32507	37
GCF_013816515	5404783	2	2702391.5	5152141	252642	0	0	5152141	1	5152141	1	5152141	1
GCF_016502265	5129322	28	183190.07	887108	556	0	0	644799	4	515773	5	109918	11
GCF_001922445	5098116	1	5098116.0	5098116	5098116	100	1	5098116	1	5098116	1	5098116	1
GCF_013784645	5000117	2	2500058.5	4892927	107190	0	0	4892927	1	4892927	1	4892927	1
SD_9_H6	4816895	44	109474.89	757419	112	0	0	348182	5	274107	8	118203	15
GCF_016859715	5196614	91	57105.65	355495	523	0	0	191649	10	83685	18	39628	36
GCF_015558715	5010994	21	238618.76	1448711	1064	653	12	541736	3	470598	5	181767	10
GCF_001034465	5003845	9	555982.78	2492828	1734	12339	12	1299095	2	1299095	2	312952	4
GCF_013899325	5359677	1	5359677.0	5359677	5359677	0	0	5359677	1	5359677	1	5359677	1
GCF_002947675	4928874	2	2464437.0	4919580	9294	0	0	4919580	1	4919580	1	4919580	1
GCF_001413195	5293366	63	84021.68	5041510	203	760	76	5041510	1	5041510	1	5041510	1
GCF_014230155	5302670	192	27618.07	1195353	279	0	0	679759	3	459170	5	130992	10
GCF_001057215	5027307	146	34433.61	280486	204	5	1	83620	19	68289	32	27206	59
ERQ0222	5289791	257	20582.84	327408	112	0	0	110062	17	58248	31	18541	63
GCF_013725165	5609720	2	2804860.0	5297052	312668	0	0	5297052	1	5297052	1	5297052	1
GCF_001880775	5302284	128	41424.09	1079316	201	0	0	426377	4	127906	9	39463	23
GCF_017151575	5311398	145	36630.33	894699	210	95	1	746466	4	517436	5	129355	10
GCF_013390245	5520287	5	1104057.4	4954350	66308	0	0	4954350	1	4954350	1	311349	2
GCF_016501745	4874447	15	324963.13	2704813	1013	0	0	2704813	1	518058	3	186655	5
GCF_013794885	5374500	4	1343625.0	5087383	2694	0	0	5087383	1	5087383	1	5087383	1
GCF_900638065	4867355	1	4867355.0	4867355	4867355	0	0	4867355	1	4867355	1	4867355	1
GCF_018420455	5522379	137	40309.34	784031	200	497	6	316593	6	179739	11	65852	22
GCF_016502165	4942842	44	112337.32	700067	502	0	0	419627	5	195808	8	101861	15
GCF_001413255	5254838	138	38078.54	455105	201	10	1	118014	16	72133	27	37528	47
GCF_902387635	5258449	1	5258449.0	5258449	5258449	0	0	5258449	1	5258449	1	5258449	1
GCF_013747755	5414996	4	1353749.0	5251041	4009	0	0	5251041	1	5251041	1	5251041	1
GCF_902807235	5144655	167	30806.32	426788	128	155	1	157509	10	110923	17	28527	35
GCF_019502645	5357557	3	1785852.33	4830928	178134	0	0	4830928	1	4830928	1	4830928	1
GCF_000783755	5451221	3	1817073.67	5064681	60032	0	0	5064681	1	5064681	1	5064681	1
ERQ0233	5314394	158	33635.41	413062	112	0	0	139281	13	84390	22	32249	41
GCF_016894085	5070623	1	5070623.0	5070623	5070623	557013	194	5070623	1	5070623	1	5070623	1
GCF_019800295	4851933	44	110271.2	478542	524	0	0	267639	7	172478	11	95566	18
GCF_014104235	5628550	6	938091.67	5245879	1408	0	0	5245879	1	5245879	1	5245879	1
GCF_013741155	5494257	5	1098851.4	5365582	1934	0	0	5365582	1	5365582	1	5365582	1
GCF_900460975	4814915	3	1604971.67	4794369	9563	0	0	4794369	1	4794369	1	4794369	1
GCF_015230675	5381051	123	43748.38	382043	583	0	0	123257	14	61427	27	27405	51
GCF_005280845	4299994	85	50588.16	415903	205	0	0	145412	9	89553	16	54431	28
GCF_014803045	4921739	101	48730.09	219874	341	25	3	87239	18	71249	30	32353	51
GCF_902387995	5715629	4	1428907.25	5130228	107249	0	0	5130228	1	5130228	1	328945	2
GCF_009876815	4861558	24	202564.92	955093	1019	2	2	512739	4	369258	6	108107	12
GCF_015549445	4919456	22	223611.64	1459737	1088	1350	11	494339	3	467672	5	187207	8
GCF_018447685	5611875	105	53446.43	592154	204	203	3	199532	9	113584	17	41599	34
GCF_014803335	5363399	467	11484.79	169364	518	0	0	46365	32	16723	74	4981	187
GCF_905329885	5404079	6	900679.83	5082481	3576	0	0	5082481	1	5082481	1	5082481	1
GCF_019448455	5137735	78	65868.4	522476	204	0	0	253596	7	136665	12	60054	22
GCF_020889125	5167362	126	41010.81	868443	216	0	0	467843	4	350742	7	95412	13
GCF_000759815	5186777	139	37314.94	272018	533	0	0	87629	21	56437	37	28776	63
GCF_001558935	5084037	2	2542018.5	5030678	53359	0	0	5030678	1	5030678	1	5030678	1
GCF_016939615	5485671	5	1097134.2	5098771	3861	0	0	5098771	1	5098771	1	5098771	1
GCF_016505125	4781674	39	122607.03	574436	539	0	0	282213	6	188840	10	94374	17
GCF_005281265	5045938	72	70082.47	440672	220	0	0	236817	7	195278	12	74674	21
GCF_002151735	5081484	2	2540742.0	5016303	65181	12634	30	5016303	1	5016303	1	5016303	1
GCF_018446835	5152495	109	47270.6	412544	204	298	3	151324	11	85148	19	35627	38
GCF_021729115	5058415	4	1264603.75	4956011	5129	0	0	4956011	1	4956011	1	4956011	1
GCF_001413095	5331790	174	30642.47	206476	211	20	2	90648	19	53476	35	30014	62
GCF_014855535	5083833	36	141217.58	896284	798	0	0	446775	4	331107	7	117166	12
GCF_005280945	4762903	119	40024.39	277063	1078	13310	220	102560	17	75851	28	23557	50
ERQ0689	5569903	206	27038.36	494255	112	0	0	152240	12	85974	21	32338	41
GCF_018422455	4883874	59	82777.53	710032	292	878	7	425812	5	351381	7	125070	12
GCF_001880865	5650580	350	16144.51	358358	201	0	0	87280	18	52792	35	12360	75
GCF_001034475	5406561	5	1081312.2	4923318	4938	0	0	4923318	1	4923318	1	4923318	1
GCF_016504515	5001379	28	178620.68	889613	553	297	3	460898	4	250008	7	137924	13
GCF_016905875	5428751	200	27143.76	168804	208	0	0	65217	28	43437	48	18936	85
GCF_013618825	5001870	82	60998.41	1781060	204	1475	16	487469	3	321714	6	72652	13
GCF_014104375	5347035	12	445586.25	4801651	239	0	0	4801651	1	4801651	1	173875	2
GCF_001412825	5169862	172	30057.34	274181	200	0	0	105502	17	63455	30	34944	51
GCF_001559235	4727498	1	4727498.0	4727498	4727498	0	0	4727498	1	4727498	1	4727498	1
GCF_004152635	5277219	324	16287.71	238138	325	3867	50	72708	24	40539	43	11271	91
GCF_013882995	4696854	1	4696854.0	4696854	4696854	0	0	4696854	1	4696854	1	4696854	1
GCF_011077325	4550392	48	94799.83	604636	270	337	1	314370	5	158715	9	68285	17
GCF_014230185	5286484	164	32234.66	1195353	216	0	0	627142	3	437165	6	130992	10
GCF_016504085	4797909	21	228471.86	2344958	536	0	0	730669	2	470225	3	124278	7
GCF_018138525	5142092	108	47611.96	417124	280	0	0	120908	13	88104	23	32736	42
GCF_000648515	5371331	2	2685665.5	5099034	272297	0	0	5099034	1	5099034	1	5099034	1
ERQ0227	5390120	190	28369.05	452458	114	0	0	151290	13	84191	21	26352	44
GCF_010279875	5464138	154	35481.42	334357	510	0	0	123255	15	63912	28	18295	56
GCF_013816335	5112880	1	5112880.0	5112880	5112880	0	0	5112880	1	5112880	1	5112880	1
GCF_014104775	4638460	3	1546153.33	4636473	345	0	0	4636473	1	4636473	1	4636473	1
GCF_016504825	4890690	20	244534.5	1284082	544	0	0	681585	3	638611	5	476654	6
GCF_012524235	5182653	3	1727551.0	4919713	91378	0	0	4919713	1	4919713	1	4919713	1
GCF_013925325	5333837	4	1333459.25	4869469	38506	100	1	4869469	1	4869469	1	4869469	1
GCF_014104155	5484756	6	914126.0	5177540	771	0	0	5177540	1	5177540	1	5177540	1
GCF_016504605	5230917	37	141376.14	1321612	713	10	1	411651	4	218751	8	94169	14
GCF_002042885	4916306	40	122907.65	556308	321	0	0	297971	6	170203	11	70382	19
GCF_002215385	5610134	5	1122026.8	5215381	43109	0	0	5215381	1	5215381	1	5215381	1
GCF_004331585	5128900	54	94979.63	452039	1006	0	0	254837	8	154289	13	68137	23
GCF_018438605	5621428	92	61102.48	964065	205	339	5	389978	5	188431	9	45372	21
ERQ0671	5275022	511	10322.94	284979	112	0	0	136232	15	74001	26	29533	49
GCF_001559075	4904719	1	4904719.0	4904719	4904719	0	0	4904719	1	4904719	1	4904719	1
GCF_016504345	4703896	27	174218.37	709114	578	590	6	408659	5	304359	7	228110	11
GCF_015230695	5395813	83	65009.8	431041	570	0	0	159630	12	119986	19	40053	35
GCF_016503495	5099781	34	149993.56	908946	539	0	0	347582	5	254415	8	100942	14
GCF_019660135	5268095	112	47036.56	478065	530	0	0	181995	9	112894	16	39268	30
GCF_016501755	4872845	22	221492.95	1256508	742	0	0	445512	3	317745	6	143764	10
GCF_000759735	4902704	48	102139.67	445753	539	0	0	288133	7	126584	13	84802	22
GCF_004024405	5465420	146	37434.38	229647	207	0	0	98558	20	77933	32	28278	54
GCF_005281305	4770837	44	108428.11	598840	206	1020	23	468354	5	305651	7	125556	12
GCF_014803285	5241618	109	48088.24	516660	322	0	0	153081	12	97997	20	40740	35
GCF_001065805	5086871	108	47100.66	408576	200	700	7	106528	17	63123	29	34025	50
GCF_004145665	5502824	283	19444.61	231270	267	6405	70	84825	20	42371	39	14258	81
GCF_016501405	4949896	27	183329.48	1261253	503	0	0	685670	3	529097	5	192522	7
GCF_005280805	5235980	1359	3852.82	1001244	200	29135	512	430503	4	199146	9	3063	26
GCF_016503985	5192792	75	69237.23	593299	547	0	0	426470	6	184161	9	74178	18
GCF_015137095	5302483	8	662810.38	4980066	2830	0	0	4980066	1	4980066	1	4980066	1
GCF_900112055	4959778	24	206657.42	670500	1000	360	2	436280	5	214895	8	154013	13
GCF_016501985	4690552	23	203937.04	712453	2434	0	0	560803	4	342256	6	124266	10
GCF_000388155	5053892	79	63973.32	506286	216	0	0	240358	8	144752	14	52931	24
GCF_014803075	5660980	410	13807.27	150911	414	8611	103	52816	35	24800	67	7358	143
GCF_018066535	5745454	88	65289.25	492129	706	0	0	174063	10	100779	19	41086	35
GCF_005281325	4712765	71	66376.97	517779	237	715	8	150393	9	95362	16	49216	29
GCF_018423075	5381099	84	64060.7	818311	228	27	3	279542	6	202644	10	54361	19
GCF_016428845	5827136	1785	3264.5	204302	226	0	0	69348	29	38812	52	476	325
GCF_005281215	4575711	121	37815.79	903327	1043	8723	151	151537	7	58822	19	16504	49
GCF_013728095	5625488	2	2812744.0	5327400	298088	0	0	5327400	1	5327400	1	5327400	1
GCF_018421575	5193272	263	19746.28	200552	226	428	5	54597	28	34355	52	14340	95
GCF_013821695	4719098	1	4719098.0	4719098	4719098	0	0	4719098	1	4719098	1	4719098	1
GCF_016504485	4981236	32	155663.62	842598	604	5	1	508128	4	205638	8	111386	14
GCF_019270375	4951267	1	4951267.0	4951267	4951267	419680	155	4951267	1	4951267	1	4951267	1
GCF_016507855	4572306	33	138554.73	845178	560	0	0	424483	4	377207	6	115648	11
GCF_001463265	5048533	81	62327.57	571460	201	0	0	193163	7	144583	12	73050	21
DB_3_D2	5430454	329	16505.94	291503	112	0	0	130702	15	58646	27	15415	60
GCF_014802905	5585326	144	38786.99	398692	208	17	2	94874	19	64097	33	28261	57
GCF_902506695	5225087	140	37322.05	484634	92	0	0	183832	10	128992	17	46457	29
GCF_014333035	4908923	108	45452.99	453710	204	0	0	225898	8	139918	14	44931	28
GCF_014189375	5449384	2	2724692.0	5167126	282258	0	0	5167126	1	5167126	1	5167126	1
GCF_002189125	5170487	87	59430.89	809086	205	0	0	525093	4	199665	8	105451	14
GCF_019399955	5158010	11	468910.0	1899491	478	51	31	839715	2	619569	4	514783	5
GCF_019270355	4951267	1	4951267.0	4951267	4951267	419288	159	4951267	1	4951267	1	4951267	1
ERQ0183	5225256	509	10265.73	262383	112	0	0	132981	15	75706	25	30944	47
GCF_000764735	4929495	31	159015.97	595927	632	0	0	240293	6	209613	11	98192	17
GCF_016501935	5310625	64	82978.52	535494	607	0	0	211911	8	157126	14	90098	22
GCF_016501295	4862552	24	202606.33	860404	1070	0	0	429580	4	328900	6	139051	11
ERQ0213	5569007	229	24318.81	384174	112	0	0	121567	14	56408	29	21917	58
GCF_009721345	4944842	36	137356.72	1912948	206	0	0	769076	2	550838	4	161106	6
GCF_005281255	4852896	43	112858.05	937523	209	0	0	463424	4	340033	6	124741	13
GCF_009856875	5653838	456	12398.77	253626	200	4778	88	50495	29	26013	59	7362	136
GCF_016503935	5041541	56	90027.52	599157	674	0	0	239640	8	166992	13	84665	21
GCF_013425705	5057711	70	72253.01	422470	564	0	0	165023	10	118361	17	45769	30
GCF_016501785	5113884	23	222342.78	1946665	616	0	0	807335	2	464282	4	167430	7
GCF_001412735	5335522	251	21257.06	146095	201	0	0	52241	34	32614	60	15279	105
GCF_003812325	4969137	1	4969137.0	4969137	4969137	0	0	4969137	1	4969137	1	4969137	1
GCF_018423215	5125168	158	32437.77	1151241	202	375	3	274738	5	119846	11	70867	22
GCF_014337295	5271839	5	1054367.8	5125085	464	0	0	5125085	1	5125085	1	5125085	1
GCF_003363295	5135912	179	28692.25	1027620	200	75	11	455567	4	274166	7	69282	16
GCF_016501115	5292533	81	65339.91	461164	517	0	0	336286	7	197861	11	86905	18
GCF_014902055	5171421	5	1034284.2	4085295	1195	43293	17	4085295	1	4085295	1	913811	2
GCF_009821555	5465651	85	64301.78	1059023	537	696	6	258371	6	141950	12	57898	24
GCF_001059745	4993582	198	25220.11	206863	203	107	2	56428	27	33642	51	13573	97
ERQ0678	5613007	448	12529.03	494372	112	0	0	188011	11	108165	19	26320	39
GCF_013337015	5240228	10	524022.8	1621428	1855	0	0	1510194	2	1207007	3	576647	4
GCF_001411885	4896351	6	816058.5	4774968	989	11190	15	4774968	1	4774968	1	4774968	1
GCF_019270215	4917491	1	4917491.0	4917491	4917491	450902	164	4917491	1	4917491	1	4917491	1
GCF_019270575	4951267	1	4951267.0	4951267	4951267	423059	158	4951267	1	4951267	1	4951267	1
GCF_002850715	5475127	67	81718.31	877555	280	290	161	354436	5	150143	10	74293	20
ERQ0045	5147481	96	53619.59	380865	112	0	0	184768	10	119023	16	72258	27
GCF_016501905	5112688	22	232394.91	1946456	539	0	0	807335	2	550902	4	152859	7
GCF_009821375	5402670	124	43569.92	1276485	302	48	31	329069	5	200991	9	54262	19
ERQ0154	5371939	265	20271.47	297509	112	0	0	93334	18	64264	32	23919	60
GCF_004167485	4876430	29	168152.76	800765	1455	0	0	479417	4	164849	7	99782	14
GCF_016507545	4606107	24	191921.12	1021238	1013	0	0	543853	4	240229	6	126460	11
GCF_018502305	4925469	1	4925469.0	4925469	4925469	483863	221	4925469	1	4925469	1	4925469	1
GCF_016505605	4766624	18	264812.44	1094420	552	0	0	715616	3	515264	5	167715	7
GCF_013085885	4994681	3	1664893.67	4827866	56468	0	0	4827866	1	4827866	1	4827866	1
GCF_001055295	5094533	127	40114.43	282747	209	1558	35	100759	17	61652	29	23902	55
GCF_001867255	5388828	221	24383.84	505183	295	0	0	155341	10	79793	20	21008	42
GCF_008370135	5357700	256	20928.52	588278	202	0	0	164269	9	108904	17	43526	32
GCF_016500505	5286064	60	88101.07	902808	634	0	0	412511	5	196901	9	96087	16
GCF_016504495	4979676	61	81634.03	467535	556	196	2	200405	8	129321	15	54116	27
GCF_019281555	5052901	89	56774.17	572012	501	512	3	186911	8	119970	15	67920	25
GCF_018442145	5450087	123	44309.65	556079	231	593	4	138095	12	87916	23	37468	41
GCF_019047765	5021319	3	1673773.0	4918872	6827	0	0	4918872	1	4918872	1	4918872	1
GCF_016501865	5259081	103	51059.04	615962	526	0	0	207545	7	136115	14	50071	25
GCF_001880905	5523879	117	47212.64	472073	201	0	0	155405	11	94470	21	51049	36
GCF_016500805	4824653	15	321643.53	1431036	1013	0	0	1246952	2	704767	3	476373	5
GCF_002880615	5340584	2	2670292.0	5277996	62588	0	0	5277996	1	5277996	1	5277996	1
GCF_019659905	5194286	57	91127.82	1027566	546	0	0	307417	5	200347	9	66305	17
GCF_016905625	5423353	186	29157.81	225387	216	0	0	77616	23	45464	42	18562	77
GCF_013266895	5252748	287	18302.26	1341291	500	374	6	226273	5	149403	11	54510	20
GCF_016505445	5148049	2	2574024.5	4951267	196782	0	0	4951267	1	4951267	1	4951267	1
GCF_018420365	5100158	124	41130.31	282015	232	472	6	118396	12	80728	23	32438	42
GCF_013724765	5512203	3	1837401.0	5167828	4446	0	0	5167828	1	5167828	1	5167828	1
GCF_018420675	4919740	53	92825.28	882134	205	301	4	281554	5	171701	10	66969	19
GCF_016461655	4940259	91	54288.56	637336	314	0	0	136334	11	96634	19	34152	36
GCF_020034515	5058166	1	5058166.0	5058166	5058166	100	1	5058166	1	5058166	1	5058166	1
GCF_013791065	5533336	3	1844445.33	5136614	100873	0	0	5136614	1	5136614	1	5136614	1
GCF_019660345	5316159	89	59732.12	557343	527	0	0	176868	8	112929	15	37191	29
GCF_002863965	4652935	32	145404.22	575523	1061	0	0	468432	5	302538	7	124120	13
ERQ0250	5265533	107	49210.59	454311	121	0	0	153700	10	89191	20	63146	33
GCF_001412795	5285303	55	96096.42	5101306	200	1090	41	5101306	1	5101306	1	5101306	1
GCF_020215855	5179411	107	48405.71	522476	204	0	0	250801	7	156775	13	49558	23
GCF_014803315	4545387	1040	4370.56	96460	503	0	0	14632	82	6234	176	1374	507
GCF_019270315	4951267	1	4951267.0	4951267	4951267	486620	253	4951267	1	4951267	1	4951267	1
GCF_018446045	5122379	115	44542.43	688638	232	470	6	327636	5	158895	9	64149	18
GCF_009876755	4879906	25	195196.24	950643	1230	66	1	571203	4	538051	5	108107	10
GCF_016502005	4927348	28	175976.71	1245282	1013	0	0	586186	3	476139	5	94478	10
GCF_014596835	4653104	33	141003.15	878864	524	0	0	442128	4	369061	6	108274	13
GCF_005280825	4617007	123	37536.64	284536	200	1	1	127657	13	80015	22	31455	39
GCF_004331535	5401766	77	70152.81	485815	1043	0	0	235111	8	149305	14	38286	28
GCF_016859065	5076413	119	42658.93	1613840	224	500	5	536394	3	391224	5	132493	9
ERQ0173	5493197	191	28760.19	355112	112	0	0	123073	13	82515	25	26290	46
GCF_013746415	5351462	4	1337865.5	5041930	2746	0	0	5041930	1	5041930	1	5041930	1
GCF_001546285	4927776	24	205324.0	794603	995	1900	19	493823	4	469579	6	160867	10
GCF_009876705	4879824	24	203326.0	950566	1632	2	2	513681	4	388325	6	108107	11
GCF_900446975	5048584	3	1682861.33	4711529	9131	0	0	4711529	1	4711529	1	4711529	1
GCF_009648935	4917491	1	4917491.0	4917491	4917491	0	0	4917491	1	4917491	1	4917491	1
GCF_900520335	5431387	5	1086277.4	5172644	9294	0	0	5172644	1	5172644	1	5172644	1
GCF_900080005	5247627	53	99011.83	785996	229	0	0	537218	4	162486	8	71665	17
GCF_016503385	4790460	29	165188.28	1254300	702	0	0	662465	3	333631	6	227247	9
GCF_002918855	5189677	118	43980.31	388552	515	0	0	141418	13	80748	24	27747	44
GCF_014903125	5747196	22	261236.18	5060319	1048	86141	27	5060319	1	5060319	1	117609	2
SG18_138_1_S32	4631297	32	144728.03	1203655	204	0	0	448743	4	313923	6	164700	9
ERQ0685	5649333	195	28970.94	494372	112	0	0	166008	11	112136	19	32019	38
GCF_009857035	5345835	3	1781945.0	5125834	73749	0	0	5125834	1	5125834	1	5125834	1
GCF_004801555	5213846	4	1303461.5	5018095	4251	0	0	5018095	1	5018095	1	5018095	1
GCF_005280855	4130315	85	48591.94	650531	1177	9173	170	190402	6	69281	14	19811	34
GCF_016504105	4966948	14	354782.0	1912296	1088	0	0	819788	2	806957	3	420673	5
GCF_014926275	5133057	266	19297.21	224590	220	29	2	59333	29	33811	52	12962	97
GCF_000759835	4631466	30	154382.2	899269	616	0	0	290667	5	194356	8	126093	14
GCF_019265345	4998595	1	4998595.0	4998595	4998595	490098	216	4998595	1	4998595	1	4998595	1
GCF_003938205	5026250	19	264539.47	1853569	580	215	4	556410	3	480624	5	185699	8
GCF_016501325	5013125	105	47744.05	305211	542	0	0	98710	16	66748	28	30023	50
GCF_016500905	4889655	15	325977.0	1433930	1013	0	0	1245422	2	705525	4	476373	5
GCF_005281045	4948934	114	43411.7	545766	200	0	0	236682	7	162644	12	83059	20
GCF_002215605	4945242	1	4945242.0	4945242	4945242	2800	28	4945242	1	4945242	1	4945242	1
GCF_014189285	5458361	2	2729180.5	5195939	262422	0	0	5195939	1	5195939	1	5195939	1
GCF_013899425	4904767	1	4904767.0	4904767	4904767	0	0	4904767	1	4904767	1	4904767	1
GCF_016503645	5228144	85	61507.58	514188	503	0	0	260522	8	110508	14	41424	29
GCF_018919505	4906727	468	10484.46	106140	210	0	0	21172	61	12303	123	5048	242
GCF_003429605	5167205	37	139654.19	693507	624	1301	6	413666	6	243570	9	82607	15
GCF_013168955	5490581	96	57193.55	629974	318	0	0	298827	7	156388	11	36590	25
GCF_002796505	5035189	2	2517594.5	4919453	115736	0	0	4919453	1	4919453	1	4919453	1
GCF_016505385	5269863	51	103330.65	821393	507	0	0	338717	5	183192	10	85097	18
GCF_009730355	5162652	4	1290663.0	4998495	5537	0	0	4998495	1	4998495	1	4998495	1
GCF_003401455	5301173	494	10731.12	505499	203	0	0	175814	9	135900	16	50156	28
GCF_001413215	5256414	146	36002.84	274231	201	0	0	118018	17	66695	28	35230	49
GCF_000342325	4899578	31	158050.9	773993	236	0	0	370883	5	316321	7	144630	12
ERQ0212	5446852	158	34473.75	314068	112	0	0	134354	13	77433	25	32202	44
GCF_000692135	5178799	4	1294699.75	5088449	1301	30195	27	5088449	1	5088449	1	5088449	1
GCF_001412725	5169163	214	24154.97	219665	203	0	0	53342	28	37806	51	16526	91
GCF_001471775	4985228	13	383479.08	3948405	1067	0	0	3948405	1	3948405	1	898825	2
GCF_016894105	5080150	1	5080150.0	5080150	5080150	507439	216	5080150	1	5080150	1	5080150	1
GCF_013816795	4828684	2	2414342.0	4737278	91406	0	0	4737278	1	4737278	1	4737278	1
GCF_003665575	4654874	1	4654874.0	4654874	4654874	0	0	4654874	1	4654874	1	4654874	1
GCF_005280915	4802836	92	52204.74	479983	1008	13288	280	127210	12	80503	22	31829	39
GCF_016502105	4753908	22	216086.73	1656799	1138	0	0	799690	2	295217	5	135011	10
ERQ0216	5226625	173	30211.71	384174	112	0	0	172770	10	78311	21	31489	42
GCF_016939655	5608362	6	934727.0	4984319	26424	0	0	4984319	1	4984319	1	256277	2
GCF_016505225	4906335	39	125803.46	705041	512	0	0	557865	4	264386	7	96044	14
ERQ0255	5358020	200	26790.1	232910	113	0	0	85150	22	52850	39	22424	67
GCF_018442185	5656676	109	51896.11	671799	221	375	5	350592	6	132498	12	54104	24
GCF_021417265	5137379	147	34948.16	420059	215	400	4	150948	13	78950	23	26925	45
GCF_013782845	5306363	8	663295.38	4829251	3830	0	0	4829251	1	4829251	1	4829251	1
GCF_016504635	4868620	25	194744.8	1123437	578	0	0	681570	3	439855	5	300095	8
ERQ0175	5438501	294	18498.3	420098	112	0	0	86371	19	47177	36	16435	75
GCF_001586845	5202504	70	74321.49	584465	502	0	0	178641	10	117666	17	62321	30
GCF_013784225	4895815	1	4895815.0	4895815	4895815	0	0	4895815	1	4895815	1	4895815	1
GCF_013614655	5532539	2	2766269.5	5266015	266524	0	0	5266015	1	5266015	1	5266015	1
GCF_001412715	5252089	47	111746.57	532894	1023	0	0	199874	7	133736	14	57629	24
GCF_016503565	4789506	31	154500.19	736981	1013	0	0	427607	5	218707	8	97425	14
GCF_016508125	4732443	38	124537.97	684488	537	0	0	422435	5	323115	7	84870	14
GCF_013792125	5278252	2	2639126.0	5126944	151308	0	0	5126944	1	5126944	1	5126944	1
GCF_016505465	4851751	22	220534.14	1028490	717	0	0	333700	5	267169	8	146404	12
GCF_018106165	5208553	105	49605.27	450779	211	0	0	199010	9	141821	15	73521	25
GCF_016128275	4736576	3	1578858.67	4721681	5601	0	0	4721681	1	4721681	1	4721681	1
GCF_016500725	4791782	24	199657.58	1454656	686	0	0	986653	2	515739	4	159109	6
GCF_013874155	5567320	3	1855773.33	5107866	89509	0	0	5107866	1	5107866	1	5107866	1
GCF_013889875	4652001	1	4652001.0	4652001	4652001	0	0	4652001	1	4652001	1	4652001	1
GCF_016503625	5377347	82	65577.4	639890	607	0	0	200999	10	152610	16	49574	26
GCF_901456285	5388324	25	215532.96	1834568	2172	0	0	915012	2	391826	4	122761	9
GCF_014332945	5096319	45	113251.53	1966477	253	0	0	851789	2	518066	4	137438	7
GCF_009905315	5034577	1	5034577.0	5034577	5034577	0	0	5034577	1	5034577	1	5034577	1
GCF_905335685	5912806	8	739100.75	5176111	2317	0	0	5176111	1	5176111	1	264758	2
GCF_904425445	5528621	2	2764310.5	5233206	295415	0	0	5233206	1	5233206	1	5233206	1
ERQ0246	5270536	177	29777.04	292315	112	0	0	159484	12	68722	23	29574	46
GCF_002208845	4834774	1	4834774.0	4834774	4834774	0	0	4834774	1	4834774	1	4834774	1
GCF_013738635	5509846	5	1101969.2	5084908	4167	0	0	5084908	1	5084908	1	5084908	1
GCF_004331565	5449209	97	56177.41	368011	1006	0	0	183552	11	98883	19	31721	35
GCF_016502115	4922768	69	71344.46	531027	515	0	0	256134	8	190525	12	60500	20
GCF_018421475	5136999	107	48009.34	439335	222	241	4	126305	13	87749	23	35170	40
GCF_020559475	5083220	39	130338.97	1105948	228	0	0	797376	3	504605	5	161734	8
GCF_014230105	5297304	216	24524.56	1195353	249	0	0	627142	3	437261	6	130992	10
ERQ0200	5325132	153	34804.78	378801	113	0	0	122789	15	69589	26	26225	50
GCF_016505245	5010441	42	119296.21	1021968	606	0	0	493322	4	253101	7	97092	14
GCF_902160855	4920456	61	80663.21	1040171	300	338	1	569605	3	405434	5	135612	9
GCF_019660715	4925304	75	65670.72	520544	519	0	0	267638	7	151165	12	56949	21
ERQ0043	5148839	101	50978.6	380865	112	0	0	158573	12	113668	20	58171	32
GCF_004795555	5333803	143	37299.32	292099	744	0	0	84664	19	57202	34	22594	61
GCF_013739375	5170324	5	1034064.8	5044080	3576	0	0	5044080	1	5044080	1	5044080	1
ERQ0160	5252620	315	16674.98	273527	112	0	0	116559	17	56299	31	18562	63
GCF_019584605	4851734	52	93302.58	1701366	210	7299	73	909071	2	621949	4	148798	6
GCF_018439245	5076637	53	95785.6	2003420	200	410	4	692528	2	327005	5	117109	10
GCF_004181995	4767024	114	41816.0	352664	307	4738	61	154053	11	89284	19	36386	34
GCF_018446035	4994667	124	40279.57	419384	202	675	9	122128	11	82603	21	26392	43
GCF_010588075	5032765	660	7625.4	442019	200	1559	16	220077	10	133833	16	41123	30
GCF_014855945	5355337	116	46166.7	450111	405	1	1	127768	14	78021	25	31982	44
GCF_013336915	6072522	12	506043.5	5376683	1022	0	0	5376683	1	5376683	1	263600	2
GCF_018421175	5288277	112	47216.76	630731	214	305	5	166880	10	116197	17	35266	33
GCF_009664065	5557664	3	1852554.67	5167642	4051	0	0	5167642	1	5167642	1	5167642	1
GCF_016501555	4712459	17	277203.47	1893222	510	0	0	684151	2	470134	4	270105	6
GCF_005281115	5066201	78	64951.29	497748	219	0	0	204048	9	131293	15	68224	25
GCF_002151785	5223081	4	1305770.25	5211096	1345	57262	34	5211096	1	5211096	1	5211096	1
GCF_015666935	5271081	58	90880.71	997252	1025	196	3	323641	5	187541	10	70473	20
GCF_001037505	5623307	11	511209.73	3521851	1086	74570	35	3521851	1	1498844	2	134381	3
ERQ0186	5200125	136	38236.21	344572	118	0	0	173587	11	87998	20	34000	37
GCF_018422995	5246712	95	55228.55	472090	216	449	2	182471	9	123396	16	46635	29
GCF_014803055	5132803	133	38592.5	408055	276	0	0	105647	14	83427	25	30757	46
GCF_014169975	5257552	4	1314388.0	4995557	12137	0	0	4995557	1	4995557	1	4995557	1
GCF_014596845	5036405	47	107157.55	600717	635	0	0	231582	7	164819	12	72725	21
GCF_014859035	5054116	2	2527058.0	5032589	21527	0	0	5032589	1	5032589	1	5032589	1
GCF_014802995	5351112	130	41162.4	339165	208	8	2	129859	14	76515	25	28824	48
GCF_016906145	5087618	1	5087618.0	5087618	5087618	647334	220	5087618	1	5087618	1	5087618	1
GCF_013730455	5039179	4	1259794.75	4920836	1488	0	0	4920836	1	4920836	1	4920836	1
GCF_014802945	5250669	138	38048.33	360676	243	25	3	97932	18	78377	30	20414	56
GCF_009295665	5830693	392	14874.22	539336	204	0	0	252947	9	160855	14	53970	27
GCF_008693945	4581018	1	4581018.0	4581018	4581018	0	0	4581018	1	4581018	1	4581018	1
GCF_014596855	4651375	32	145355.47	573096	524	0	0	413885	5	196607	8	113578	15
GCF_018439745	5183365	98	52891.48	487532	221	512	4	189947	8	123109	15	43893	29
GCF_016505085	5085109	61	83362.44	1256980	505	0	0	284415	4	123228	10	66715	21
GCF_019661085	5210011	53	98302.09	981420	504	0	0	330577	5	205422	8	78984	16
GCF_008693645	5049303	2	2524651.5	4932938	116365	0	0	4932938	1	4932938	1	4932938	1
GCF_000692115	5829086	18	323838.11	4144012	1098	95056	42	4144012	1	4144012	1	477591	3
GCF_003362775	5281633	131	40317.81	389581	205	0	0	117444	13	71657	25	37162	44
GCF_001413125	5331268	157	33957.12	282226	208	20	2	118683	15	77678	26	36595	47
GCF_016894025	5070622	1	5070622.0	5070622	5070622	484172	269	5070622	1	5070622	1	5070622	1
GCF_020889185	5349997	283	18904.58	487089	215	0	0	174368	12	71695	21	29930	44
GCF_016504015	4877165	38	128346.45	731711	526	0	0	370839	5	233290	8	105681	15
GCF_018444505	5473467	180	30408.15	287726	202	216	4	90740	17	58566	33	18944	63
GCF_013726215	4818023	1	4818023.0	4818023	4818023	0	0	4818023	1	4818023	1	4818023	1
GCF_020593155	5081300	64	79395.31	686828	202	0	0	417487	5	242406	9	106899	15
GCF_000982845	4870483	19	256341.21	809267	458	1	1	742810	4	496265	5	138529	9
GCF_009647535	4909049	160	30681.56	676174	204	1748	27	403479	5	184035	9	83855	16
GCF_019731375	5019139	74	67826.2	523905	501	0	0	171796	9	114331	15	47131	28
GCF_001022685	5457296	126	43311.87	564780	505	0	0	135007	13	94834	22	31771	42
GCF_003665675	5246590	2	2623295.0	5195086	51504	0	0	5195086	1	5195086	1	5195086	1
GCF_009910785	4984800	20	249240.0	1777480	536	676	7	880165	2	473272	4	158765	7
GCF_004331635	5001420	26	192362.31	852725	1070	0	0	435834	5	247019	8	106759	14
GCF_009881155	4881738	33	147931.45	950586	1041	1	1	437061	4	226980	7	100007	14
GCF_014802845	5585382	202	27650.41	213713	229	16	2	67968	24	40590	45	15081	86
GCF_016504005	5066511	35	144757.46	841539	613	0	0	635687	4	286809	6	97919	12
GCF_004305705	5209670	13	400743.85	2649599	5040	70956	92	2649599	1	492081	3	165597	6
GCF_016502965	4921447	32	153795.22	869736	1003	0	0	547885	4	355737	6	96087	12
GCF_013747275	5205027	3	1735009.0	5051038	8608	0	0	5051038	1	5051038	1	5051038	1
GCF_015134935	5284538	5	1056907.6	5126826	2830	0	0	5126826	1	5126826	1	5126826	1
GCF_002114305	5215585	43	121292.67	1065488	649	728	8	537644	4	393431	6	99438	11
GCF_905232395	4936304	2	2468152.0	4861824	74480	0	0	4861824	1	4861824	1	4861824	1
GCF_019270235	4834774	1	4834774.0	4834774	4834774	130330	33	4834774	1	4834774	1	4834774	1
GCF_016500765	5588876	90	62098.62	804101	503	0	0	332668	6	285961	9	82163	16
GCF_016507635	4939715	31	159345.65	998700	606	0	0	537337	4	356655	6	158879	10
GCF_016406035	4794853	37	129590.62	1366881	200	328	3	522158	3	426384	5	144920	9
GCF_016503265	5352299	159	33662.26	480523	209	0	0	248472	8	131166	14	32740	29
GCF_900079785	5048670	1	5048670.0	5048670	5048670	0	0	5048670	1	5048670	1	5048670	1
GCF_004153245	5205689	191	27254.92	208376	230	4092	42	86320	19	58900	33	19813	59
GCF_016505295	4597521	20	229876.05	1297105	590	0	0	633983	3	621492	4	427889	6
GCF_016500825	4804872	14	343205.14	1637120	1013	0	0	978681	2	681879	4	476373	5
GCF_016133805	5218246	111	47011.23	649810	272	0	0	427366	5	216617	9	80386	17
GCF_005281015	4907427	143	34317.67	482893	202	118	1	192140	8	109211	15	31934	30
GCF_902506715	5244444	113	46411.01	373419	127	0	0	159440	11	105958	19	37193	34
GCF_016505645	4872613	40	121815.32	1413569	515	0	0	400058	4	315652	6	119258	12
GCF_004004705	5623114	750	7497.49	145514	200	0	0	28072	57	15881	110	5057	232
GCF_905335675	5264916	37	142295.03	3060796	120	0	0	3060796	1	481840	3	132223	6
GCF_900169625	5447310	271	20100.77	297234	61	91	4	119711	17	72336	29	25035	53
GCF_018423195	5277059	574	9193.48	78591	200	24	3	19524	79	11527	148	5089	279
GCF_014855935	5269814	144	36595.93	339880	500	0	0	154965	12	108913	21	32336	39
GCF_001413035	5331765	151	35309.7	312747	200	0	0	110017	17	66485	29	37529	49
GCF_000582615	4907888	68	72174.82	364987	227	0	0	158049	9	125466	16	55975	27
GCF_009876715	4876310	27	180604.07	950562	1144	40	2	512108	4	371769	6	95320	11
GCF_013604545	5376234	5	1075246.8	4978770	7945	0	0	4978770	1	4978770	1	4978770	1
GCF_015135215	5402558	10	540255.8	4988881	2266	0	0	4988881	1	4988881	1	4988881	1
GCF_021440745	5079653	72	70550.74	721567	227	78	5	256654	6	121637	13	59621	24
GCF_016501285	5444336	33	164979.88	943002	584	0	0	746146	4	567594	5	105943	10
GCF_010365585	5273092	4	1318273.0	4695344	132825	0	0	4695344	1	4695344	1	254268	2
GCF_010597685	4972504	488	10189.56	316445	200	497	5	125342	14	89647	23	29866	44
GCF_003204265	6081860	9	675762.22	5262516	31764	0	0	5262516	1	5262516	1	250887	2
GCF_001037495	4951048	2	2475524.0	4199763	751285	624	3	4199763	1	4199763	1	751285	2
GCF_013724425	5373738	3	1791246.0	5082224	4386	0	0	5082224	1	5082224	1	5082224	1
GCF_905232515	5572228	5	1114445.6	5150246	3576	0	0	5150246	1	5150246	1	5150246	1
GCF_020341495	5013167	4	1253291.75	4870932	5508	100	1	4870932	1	4870932	1	4870932	1
GCF_017151475	5527406	896	6168.98	894699	200	95	1	676623	4	433363	6	38765	14
GCF_009876765	4874496	22	221568.0	951861	1975	1	1	571203	4	388798	6	160112	10
GCF_018445825	5361064	68	78839.18	777081	202	563	4	337489	5	252232	8	83687	17
GCF_016505025	4832604	27	178985.33	1084962	559	0	0	474741	4	250871	7	89955	14
GCF_905232555	5515133	6	919188.83	4961487	1335	0	0	4961487	1	4961487	1	290966	2
GCF_002417535	4905485	100	49054.85	754885	207	0	0	250864	7	165070	12	75064	19
GCF_016503115	4863507	29	167707.14	738482	1070	0	0	439509	4	311337	7	134963	12
GCF_018446995	5082798	116	43817.22	246551	254	580	5	109131	16	75000	28	29844	48
GCF_003687835	5374619	376	14294.2	127690	200	0	0	34861	45	23983	83	8609	156
ERQ0152	5374368	292	18405.37	297513	112	0	0	78578	21	54461	37	22421	68
GCF_902160945	4922627	62	79397.21	1040182	300	226	1	559481	4	405434	6	160521	9
GCF_014103735	5595568	21	266455.62	2873103	207	0	0	2873103	1	2286973	2	2286973	2
GCF_002252065	5513547	176	31326.97	257738	513	10	1	85542	21	61402	37	17201	68
GCF_016503575	4940384	37	133523.89	815392	635	0	0	336028	5	212298	9	96556	16
GCF_016502085	4969550	20	248477.5	1301311	1147	0	0	665661	3	516606	5	307579	7
GCF_002042945	5351791	51	104937.08	435136	257	0	0	200946	9	145048	15	67474	25
GCF_008373795	4878820	60	81313.67	559246	205	6	1	219061	6	172175	11	77733	19
GCF_018442425	5222884	64	81607.56	1009225	243	177	3	338383	5	200440	9	74220	18
GCF_019764095	5474791	36	152077.53	992813	1201	0	0	277378	5	196162	9	88189	17
GCF_002843195	4881935	49	99631.33	758583	515	26	3	330308	5	227326	9	78379	16
GCF_002239605	5430566	145	37452.18	285982	500	20	2	140613	14	62905	25	28338	49
GCF_013170055	5079610	65	78147.85	1619113	303	0	0	299123	4	176521	9	47776	20
GCF_001702455	5557564	4	1389391.0	5134500	18467	0	0	5134500	1	5134500	1	5134500	1
GCF_015668675	4869413	30	162313.77	822681	1316	105	2	430556	4	251126	7	116929	12
GCF_014802955	5301302	115	46098.28	374875	462	21	3	135762	13	87387	23	36507	41
GCF_016503685	4769644	35	136275.54	910311	746	0	0	425995	4	249328	7	94109	13
GCF_013705425	5415085	15	361005.67	4927528	713	0	0	4927528	1	4927528	1	4927528	1
GCF_013170035	5368699	160	33554.37	425573	243	0	0	94049	17	65697	30	25572	54
GCF_013797345	5112680	3	1704226.67	5099714	4386	0	0	5099714	1	5099714	1	5099714	1
GCF_013590555	5421619	5	1084323.8	5024564	7536	0	0	5024564	1	5024564	1	5024564	1
GCF_003665595	5343952	1	5343952.0	5343952	5343952	0	0	5343952	1	5343952	1	5343952	1
GCF_019802365	5546963	383	14482.93	900935	201	0	0	282344	7	158859	12	43791	24
GCF_018438555	5683177	289	19664.97	253471	216	184	4	56024	33	32356	60	12352	112
GCF_018447695	5040918	84	60010.93	456208	210	267	4	195364	9	114027	15	57957	27
GCF_018446095	5231895	119	43965.5	762053	208	836	7	337752	6	122237	11	59533	23
GCF_013796805	5494336	6	915722.67	5167268	3696	0	0	5167268	1	5167268	1	5167268	1
GCF_013371705	5285127	4	1321281.75	4997964	53573	0	0	4997964	1	4997964	1	4997964	1
GCF_003070705	5229602	197	26546.2	209049	513	0	0	64574	27	33659	49	14282	93
GCF_001413155	5330406	163	32701.88	274218	208	30	3	118002	17	66679	29	34944	51
GCF_003665615	5064975	3	1688325.0	4859315	71274	0	0	4859315	1	4859315	1	4859315	1
GCF_021228875	5082363	1	5082363.0	5082363	5082363	0	0	5082363	1	5082363	1	5082363	1
SD_9_B7	4849998	32	151562.44	1046964	141	0	0	739424	3	510302	5	338321	7
GCF_010590925	5139427	438	11733.85	865681	200	593	6	335596	5	154548	10	58204	20
GCF_002919795	5491361	160	34321.01	372296	501	0	0	115136	15	66061	27	20499	54
GCF_018446195	5078637	84	60459.96	747602	219	406	5	181678	8	123766	15	53260	27
GCF_009881185	4866760	22	221216.36	994636	2461	3	3	634362	3	512789	5	110309	10
GCF_013368465	5878493	5	1175698.6	5100877	97324	0	0	5100877	1	5100877	1	335291	2
GCF_016905635	5431835	204	26626.64	280841	217	0	0	90282	21	46058	38	19735	72
GCF_002923765	4824930	18	268051.67	1482787	1070	0	0	515942	3	350821	5	145613	8
GCF_016504805	4773122	26	183581.62	1203331	556	0	0	592561	3	376824	6	126573	10
GCF_003195445	4992654	79	63198.15	1192234	501	0	0	406360	4	180866	9	91658	16
GCF_902807305	5262004	337	15614.26	1246738	128	0	0	417352	4	215431	8	116481	14
GCF_004005165	5226891	670	7801.33	163629	201	5903	80	31995	36	12977	89	3888	236
GCF_001952715	5446777	125	43574.22	1276484	302	0	0	329068	5	156648	10	44155	20
GCF_013729795	5521511	5	1104302.2	5163773	2581	0	0	5163773	1	5163773	1	5163773	1
GCF_015673475	4857497	37	131283.7	578915	435	0	0	288108	7	158111	12	85488	19
GCF_020695525	5349058	3	1783019.33	4976621	106850	0	0	4976621	1	4976621	1	4976621	1
GCF_014104295	5115231	9	568359.0	4761285	206	0	0	4761285	1	4761285	1	4761285	1
GCF_902165615	5264557	268	19643.87	277417	359	1	1	55242	22	29798	47	11278	104
GCF_014855735	5483379	189	29012.59	352646	608	15	1	71450	23	44512	42	17427	81
GCF_018420725	5380713	111	48474.89	432618	205	277	4	236617	8	160498	14	42239	28
GCF_018441905	5528328	105	52650.74	348087	287	210	3	122785	16	89455	27	33515	48
GCF_005280875	4699932	37	127025.19	697266	1085	18576	277	436868	5	315590	7	139643	12
GCF_003665555	5062051	1	5062051.0	5062051	5062051	0	0	5062051	1	5062051	1	5062051	1
GCF_004327735	4872700	41	118846.34	499975	637	0	0	204466	7	135708	13	76092	22
GCF_005280975	4769524	58	82233.17	627792	206	0	0	314940	6	171762	9	82972	17
GCF_012952665	5663418	3	1887806.0	5227853	52446	0	0	5227853	1	5227853	1	5227853	1
GCF_015674675	4857990	39	124563.85	1128542	435	0	0	290049	5	161937	9	85488	16
GCF_017963565	4929517	2	2464758.5	4102519	826998	0	0	4102519	1	4102519	1	826998	2
GCF_003665635	4917351	1	4917351.0	4917351	4917351	0	0	4917351	1	4917351	1	4917351	1
GCF_014337315	5568038	3	1856012.67	5128186	31807	0	0	5128186	1	5128186	1	5128186	1
GCF_900446885	5423682	4	1355920.5	5276190	14168	0	0	5276190	1	5276190	1	5276190	1
GCF_015138175	5405390	6	900898.33	5094093	2821	0	0	5094093	1	5094093	1	5094093	1
GCF_013899035	5234754	2	2617377.0	5232071	2683	0	0	5232071	1	5232071	1	5232071	1
GCF_001413045	5331591	169	31547.88	201372	200	0	0	99495	20	59339	33	32119	57
GCF_902506645	5202179	140	37158.42	439565	92	0	0	183832	10	128992	17	42692	31
GCF_001413295	5254567	145	36238.39	282234	200	30	3	103007	17	60873	30	34956	52
GCF_013303045	5338132	322	16578.05	144949	219	0	0	36533	46	22049	85	9042	158
GCF_013738135	5589608	6	931601.33	5031645	3066	0	0	5031645	1	5031645	1	5031645	1
GCF_003665655	4899014	1	4899014.0	4899014	4899014	0	0	4899014	1	4899014	1	4899014	1
GCF_016503245	5006250	42	119196.43	903932	646	0	0	424406	4	222050	8	86594	14
GCF_016504895	5176745	97	53368.51	328046	606	581	5	151346	12	97665	21	34033	37
GCF_016893685	5079087	1	5079087.0	5079087	5079087	475842	257	5079087	1	5079087	1	5079087	1
GCF_004146135	5044371	177	28499.27	325446	242	5005	66	95849	16	51448	30	20647	57
GCF_902388105	4885099	1	4885099.0	4885099	4885099	0	0	4885099	1	4885099	1	4885099	1
GCF_016505505	5002261	23	217489.61	783078	593	0	0	616158	4	416799	6	136017	10
GCF_002208985	4934662	2	2467331.0	4925369	9293	0	0	4925369	1	4925369	1	4925369	1
GCF_017114565	5788351	8	723543.88	2587481	2349	0	0	2492909	2	2492909	2	301984	3
GCF_016893705	5070621	1	5070621.0	5070621	5070621	524282	212	5070621	1	5070621	1	5070621	1
GCF_009939625	5076860	281	18067.12	640323	206	0	0	232209	7	137630	12	73571	22
GCF_008364635	5386332	62	86876.32	804606	503	0	0	239888	6	182700	11	85836	20
GCF_016504545	5323768	67	79459.22	778897	587	0	0	301626	5	191729	10	85716	18
GCF_016760555	4839261	37	130790.84	1017567	204	0	0	482129	4	333250	6	158980	10
GCF_905337845	4833807	3	1611269.0	4664620	65498	0	0	4664620	1	4664620	1	4664620	1
GCF_016502145	4980304	35	142294.4	754342	654	0	0	430417	5	307785	8	122149	13
GCF_014218795	4957129	33	150216.03	1842594	534	500	5	747742	2	460946	4	123034	8
GCF_014803235	5310430	328	16190.34	179614	508	0	0	51444	31	31939	57	8774	120
GCF_002871775	5211873	34	153290.38	937780	363	5640	24	782825	3	309591	6	122540	11
GCF_013790835	5447371	5	1089474.2	5138391	2265	0	0	5138391	1	5138391	1	5138391	1
GCF_018323885	5073658	4	1268414.5	4717872	42860	0	0	4717872	1	4717872	1	4717872	1
GCF_014803225	5231724	722	7246.16	295768	509	0	0	30677	43	10565	103	2485	310
GCF_014803175	5405106	572	9449.49	129949	500	0	0	31428	46	15343	96	3996	230
GCF_016501505	4919628	23	213896.87	2204722	841	0	0	616952	2	476364	4	146355	7
GCF_014712635	5616212	105	53487.73	1060240	200	0	0	216198	6	128091	12	55412	26
GCF_021417225	5459532	67	81485.55	1604187	253	600	6	441480	3	190116	7	75217	16
GCF_013706575	5381910	8	672738.75	5026008	657	0	0	5026008	1	5026008	1	5026008	1
GCF_019382615	5076976	1	5076976.0	5076976	5076976	475763	191	5076976	1	5076976	1	5076976	1
GCF_014856075	5354582	118	45377.81	341838	639	0	0	110400	15	76229	26	37208	45
GCF_001880795	5416269	201	26946.61	530789	200	0	0	375062	6	102164	13	34662	30
GCF_002918835	5217812	126	41411.21	330710	510	0	0	129146	15	85334	25	26893	46
GCF_013336895	5701058	9	633450.89	5231895	1063	0	0	5231895	1	5231895	1	5231895	1
GCF_005281125	4902504	29	169051.86	841040	1070	9415	199	437943	5	333624	7	127886	12
GCF_001037485	5543425	6	923904.17	5093209	4036	0	0	5093209	1	5093209	1	5093209	1
GCF_015135075	5424327	5	1084865.4	5040467	3652	0	0	5040467	1	5040467	1	5040467	1
GCF_009660335	4883214	46	106156.83	484532	255	0	0	282822	7	189781	11	83744	18
GCF_018445725	5321577	120	44346.47	439486	236	118	3	147833	12	84515	22	42582	40
ERQ0161	5173717	57	90766.96	691942	116	0	0	378313	5	305459	8	103449	15
DB_3_F10	5546007	620	8945.17	167080	112	0	0	37765	43	25266	79	8909	149
GCF_019270195	4917491	1	4917491.0	4917491	4917491	451091	165	4917491	1	4917491	1	4917491	1
GCF_011077955	4504486	48	93843.46	592787	270	337	1	259887	6	158715	10	77866	18
GCF_019800135	5223633	83	62935.34	427326	1064	0	0	160129	11	103060	19	42083	33
DB_5_F12	5472810	324	16891.39	301020	112	0	0	141010	15	69216	26	17502	57
GCF_000313895	5092668	63	80836.0	719330	577	0	0	272223	7	163244	12	59884	21
GCF_001413075	5349778	115	46519.81	2602463	201	880	88	1279382	2	1279382	2	990019	3
GCF_014855635	5410430	77	70265.32	1031550	501	0	0	415847	5	156549	10	64907	20
GCF_016502245	4901840	24	204243.33	769797	634	0	0	514206	4	313255	6	132434	12
ERQ0310	5112546	231	22132.23	197085	112	0	0	73706	22	45619	41	19696	70
ERQ0230	5228821	90	58098.01	609515	112	0	0	440425	5	150620	11	84882	19
GCF_013458095	5163174	1	5163174.0	5163174	5163174	0	0	5163174	1	5163174	1	5163174	1
GCF_013727235	5605421	5	1121084.2	5310160	1934	0	0	5310160	1	5310160	1	5310160	1
GCF_018440275	5091891	49	103916.14	2550858	219	592	6	2550858	1	452351	3	154529	7
GCF_016501915	5144860	97	53039.79	482605	507	0	0	160683	10	94610	18	49349	32
GCF_016505565	4801171	28	171470.39	830658	588	0	0	634184	4	476648	5	121111	10
GCF_004004895	5787104	213	27169.5	242311	212	0	0	75536	26	47696	45	21484	80
GCF_018128425	4967243	3	1655747.67	4756279	44104	0	0	4756279	1	4756279	1	4756279	1
GCF_904859905	5171093	3	1723697.67	4908711	126853	0	0	4908711	1	4908711	1	4908711	1
ERQ0159	5238662	203	25806.22	384174	112	0	0	159484	11	82247	20	30104	44
GCF_019270455	4951267	1	4951267.0	4951267	4951267	419288	162	4951267	1	4951267	1	4951267	1
GCF_001880835	4994336	203	24602.64	530565	212	0	0	200491	9	82752	17	39483	34
GCF_016501085	5322398	85	62616.45	750779	501	0	0	254436	6	158774	12	48291	23
GCF_001373155	5034102	914	5507.77	64613	505	0	0	10912	133	6023	256	2366	518
GCF_014903525	5400766	15	360051.07	4243065	1072	64977	40	4243065	1	4243065	1	833639	2
GCF_019731875	5084399	45	112986.64	778131	1048	0	0	300158	5	173824	10	96029	17
GCF_001037515	5005078	7	715011.14	3458368	13671	8087	6	3458368	1	820991	2	454333	3
GCF_016939595	5551777	7	793111.0	4977086	17943	0	0	4977086	1	4977086	1	256303	2
GCF_014803195	5243090	426	12307.72	172390	510	0	0	54683	27	20696	59	5287	155
GCF_002918505	5511103	33	167003.12	566967	599	1	1	399131	6	343952	9	138479	14
ERQ0225	5485533	147	37316.55	556534	93	0	0	148238	10	82157	20	36501	39
GCF_000398865	4933942	5	986788.4	2477965	4531	30461	15	2477965	1	2145883	2	2145883	2
GCF_017164125	4931703	34	145050.09	812352	1097	95	1	359043	5	307757	8	105814	13
GCF_019443705	4767913	1	4767913.0	4767913	4767913	0	0	4767913	1	4767913	1	4767913	1
GCF_016906165	4477298	1	4477298.0	4477298	4477298	478505	319	4477298	1	4477298	1	4477298	1
GCF_017151495	5251889	91	57713.07	894699	210	96	1	676623	4	517436	5	118910	10
GCF_013899405	4889917	1	4889917.0	4889917	4889917	0	0	4889917	1	4889917	1	4889917	1
GCF_016503485	5205277	45	115672.82	1072620	504	0	0	794240	3	305897	5	156135	10
GCF_014901845	5623098	4	1405774.5	3902037	1130	55659	20	3902037	1	1631820	2	1631820	2
GCF_902160715	5344111	121	44166.21	537865	303	5	5	194967	10	92356	18	33341	37
GCF_016501525	5110092	25	204403.68	1946549	539	0	0	807335	2	464327	4	134949	8
GCF_016501815	5085987	44	115590.61	782052	532	0	0	427174	5	306610	7	137520	12
GCF_003350185	4685430	25	187417.2	540344	1141	240	6	453729	5	362479	7	125094	12
GCF_002151815	4755250	2	2377625.0	4753336	1914	32343	27	4753336	1	4753336	1	4753336	1
GCF_004024365	5186241	134	38703.29	254964	214	278	2	129572	15	85005	24	32259	45
GCF_017151545	5295415	95	55741.21	894699	210	95	1	746468	4	517436	5	129355	10
GCF_013785085	4792949	1	4792949.0	4792949	4792949	0	0	4792949	1	4792949	1	4792949	1
GCF_000981805	5875351	2	2937675.5	5584358	290993	0	0	5584358	1	5584358	1	5584358	1
GCF_008180565	5512046	574	9602.87	70074	202	0	0	18924	87	12421	160	5634	289
GCF_902506735	5223261	133	39272.64	439565	92	0	0	183832	10	128992	17	42692	31
SD_5_D4	4844745	45	107661.0	1071196	116	0	0	701802	3	335973	5	156170	10
GCF_004005235	5358153	571	9383.81	461079	201	0	0	151072	10	84837	20	25051	42
GCF_004004715	5313553	1145	4640.66	119154	202	5711	125	24776	59	11600	122	1624	383
GCF_014230205	5397297	84	64253.54	2222186	201	0	0	729166	2	512874	4	141045	9
GCF_900461175	4837416	2	2418708.0	4801883	35533	0	0	4801883	1	4801883	1	4801883	1
GCF_004322975	4954525	3	1651508.33	4883650	19305	0	0	4883650	1	4883650	1	4883650	1
GCF_002289385	5130518	139	36910.2	213792	201	0	0	94201	19	49149	35	23693	65
GCF_016503835	4846050	19	255055.26	1896465	875	0	0	681631	2	522588	4	128238	8
GCF_013743055	5578065	7	796866.43	5099027	2581	0	0	5099027	1	5099027	1	5099027	1
GCF_019382495	2637704	1	2637704.0	2637704	2637704	138885	78	2637704	1	2637704	1	2637704	1
GCF_001471655	4934003	1	4934003.0	4934003	4934003	0	0	4934003	1	4934003	1	4934003	1
GCF_019270255	4834774	1	4834774.0	4834774	4834774	287529	113	4834774	1	4834774	1	4834774	1
GCF_013786345	5309420	2	2654710.0	5231053	78367	0	0	5231053	1	5231053	1	5231053	1
GCF_016501885	5114010	24	213083.75	919984	506	0	0	551014	4	440951	6	167430	9
GCF_013337065	5369921	52	103267.71	864759	1057	0	0	625959	4	450492	6	112494	12
ERQ0189	5206110	169	30805.38	232798	121	0	0	86949	21	57804	36	28180	60
GCF_002918535	5534887	22	251585.77	2645344	607	6	6	538118	2	450834	4	150290	8
GCF_905232605	5572869	7	796124.14	4964029	1335	0	0	4964029	1	4964029	1	287088	2
GCF_019448475	5181350	78	66427.56	522014	202	0	0	250801	7	156800	12	49328	22
SG18_100_2_S18	4918810	36	136633.61	1221278	217	0	0	452777	4	385649	6	119157	11
ERQ0224	5285274	199	26559.17	296988	112	0	0	93407	17	55600	32	19936	60
GCF_016504055	4768096	22	216731.64	1277035	524	0	0	580097	3	421794	5	227826	9
GCF_018441215	5299282	111	47741.28	335739	255	206	3	156774	13	103614	21	47373	35
GCF_016507865	4911197	26	188892.19	1003872	661	0	0	731036	3	269596	6	124182	12
GCF_013733095	5784118	7	826302.57	5331005	2746	0	0	5331005	1	5331005	1	5331005	1
GCF_000714305	4970425	68	73094.49	1204050	315	0	0	485195	4	252727	7	128584	13
GCF_013826505	5443337	7	777619.57	5062205	2001	0	0	5062205	1	5062205	1	5062205	1
GCF_004331575	4873670	21	232079.52	1137362	1142	0	0	757685	3	350281	5	134331	9
GCF_900446895	4994466	3	1664822.0	4823798	23766	0	0	4823798	1	4823798	1	4823798	1
GCF_019731005	4964445	25	198577.8	1099997	644	481	8	580232	3	468806	5	116911	9
GCF_009363175	5794230	3	1931410.0	5445431	113742	0	0	5445431	1	5445431	1	5445431	1
ERQ0278	5062237	202	25060.58	232910	114	0	0	86949	21	57840	35	30882	58
GCF_019270295	4951267	1	4951267.0	4951267	4951267	418696	167	4951267	1	4951267	1	4951267	1
GCF_000835925	5385810	361	14919.14	138720	411	0	0	34885	45	22940	83	11127	150
GCF_019584545	4846480	42	115392.38	1577031	210	7395	74	1233769	2	1161256	3	217363	5
GCF_019048065	4964815	2	2482407.5	4875913	88902	0	0	4875913	1	4875913	1	4875913	1
GCF_011064845	4957773	1	4957773.0	4957773	4957773	0	0	4957773	1	4957773	1	4957773	1
GCF_017151535	5294774	88	60167.89	894699	210	95	1	746468	4	517436	5	129355	10
GCF_001022275	5390649	7	770092.71	5029496	1916	0	0	5029496	1	5029496	1	5029496	1
SG18_223_S110	4781020	31	154226.45	776476	209	0	0	522941	4	348897	6	148302	10
GCF_013395115	5461179	101	54071.08	482738	200	0	0	260668	9	183044	14	48733	24
GCF_015669215	5139976	53	96980.68	589671	1022	924	13	261386	7	176042	12	81617	20
GCF_016501265	4659997	29	160689.55	1009640	648	0	0	679001	3	453768	5	252504	8
GCF_001689745	4877666	79	61742.61	662452	503	35657	360	325726	5	201297	9	87749	16
GCF_004331545	4825329	15	321688.6	1805645	1070	0	0	803041	2	515942	4	248208	6
GCF_016500895	4870906	34	143261.94	760218	1025	0	0	450003	4	236076	8	92898	14
GCF_013168975	5621671	101	55660.11	395031	201	0	0	231892	10	110308	18	42364	34
GCF_014337275	5567745	4	1391936.25	5128721	31807	0	0	5128721	1	5128721	1	5128721	1
GCF_004344985	5443800	8	680475.0	4947788	1916	0	0	4947788	1	4947788	1	4947788	1
GCF_005281055	4813631	83	57995.55	444133	201	184	1	224540	8	109131	14	49667	25
GCF_013798115	5577264	3	1859088.0	5384013	95042	0	0	5384013	1	5384013	1	5384013	1
GCF_016500445	4797672	19	252509.05	1540310	1013	0	0	672812	3	475113	4	239377	7
GCF_004327825	5366577	413	12994.13	135623	358	0	0	31302	55	19754	98	6979	188
GCF_016894305	5542453	5	1108490.6	5030371	10242	0	0	5030371	1	5030371	1	5030371	1
GCF_019655555	5181268	205	25274.48	296734	104	0	0	116225	16	75307	27	28757	48
GCF_003812345	5102161	2	2551080.5	4974986	127175	0	0	4974986	1	4974986	1	4974986	1
GCF_905232695	5519409	9	613267.67	4933761	138	0	0	4933761	1	4933761	1	276560	2
GCF_016501625	5156573	47	109714.32	666417	596	0	0	538138	5	394867	7	122712	12
GCF_016504665	4768449	33	144498.45	991751	615	1	1	672463	3	324057	6	84735	10
GCF_016905745	5379313	281	19143.46	130197	200	0	0	42403	37	24228	72	11612	133
GCF_016503785	4922445	20	246122.25	1876931	1013	0	0	620464	2	476373	4	169006	8
GCF_003175795	5025755	98	51283.21	387944	245	0	0	141329	12	89296	20	48860	36
GCF_014103235	5491520	9	610168.89	3096413	233	0	0	3096413	1	1972654	2	1972654	2
GCF_020710145	5209432	235	22167.8	152615	245	0	0	55471	32	32384	56	12807	103
ERQ0674	5942985	196	30321.35	693491	112	0	0	115762	13	66051	27	34537	51
GCF_916618775	4943749	3	1647916.33	2763700	913327	0	0	2763700	1	1266722	2	913327	3
GCF_004181935	5753671	739	7785.75	121820	221	7083	98	28770	45	11104	112	3758	282
GCF_016501425	5213564	68	76670.06	391100	542	0	0	187036	11	157557	17	87372	26
GCF_018919545	4910026	309	15890.05	222056	235	0	0	40011	36	19298	68	7296	149
GCF_016894145	4917491	1	4917491.0	4917491	4917491	431758	179	4917491	1	4917491	1	4917491	1
ERQ0259	5572574	186	29960.08	396918	112	0	0	165846	11	87754	20	31884	42
GCF_016500465	5157362	50	103147.24	568559	504	0	0	246917	7	168101	13	88228	20
GCF_009649895	5143213	3	1714404.33	4948530	84545	0	0	4948530	1	4948530	1	4948530	1
GCF_016503805	4918883	29	169616.66	794753	797	0	0	323910	5	277856	8	143913	13
GCF_018422965	5158275	101	51072.03	626512	216	293	2	212466	7	114733	14	43559	29
GCF_016502995	4812952	24	200539.67	2204750	784	0	0	681892	2	517510	3	144673	7
GCF_013589875	5475757	6	912626.17	5023392	7945	0	0	5023392	1	5023392	1	5023392	1
GCF_900520375	5194234	2	2597117.0	5009078	185156	0	0	5009078	1	5009078	1	5009078	1
GCF_901456225	5272837	6	878806.17	4745085	4005	0	0	4745085	1	4745085	1	390161	2
GCF_016505165	5130587	44	116604.25	903533	604	0	0	316693	5	217477	8	87250	16
GCF_016505285	5663418	3	1887806.0	5227853	52446	0	0	5227853	1	5227853	1	5227853	1
GCF_016905585	5449182	179	30442.36	246733	214	0	0	85946	22	58582	37	25151	65
GCF_013890595	4992648	2	2496324.0	4886739	105909	0	0	4886739	1	4886739	1	4886739	1
GCF_002393245	4884452	2	2442226.0	4875257	9195	0	0	4875257	1	4875257	1	4875257	1
GCF_002934505	5629494	4	1407373.5	5079781	62590	0	0	5079781	1	5079781	1	5079781	1
GCF_014596895	5263616	40	131590.4	755056	624	0	0	431953	5	282997	8	102537	14
GCF_001412755	5331407	163	32708.02	282234	200	0	0	105911	17	66485	30	34639	52
GCF_018443215	5395483	44	122624.61	987186	200	1300	6	554586	4	401769	7	101065	12
GCF_016507955	4873112	29	168038.34	1280897	602	0	0	437683	4	425350	6	144605	10
GCF_002252025	5858082	181	32365.09	362418	502	20	2	112286	15	62892	30	20975	60
GCF_014189355	5493723	2	2746861.5	5216668	277055	0	0	5216668	1	5216668	1	5216668	1
GCF_013883595	4692130	1	4692130.0	4692130	4692130	0	0	4692130	1	4692130	1	4692130	1
GCF_002151775	5695684	6	949280.67	2708924	61189	102503	56	2165436	2	2165436	2	453014	3
GCF_003184045	4845100	52	93175.0	4655095	273	250	25	4655095	1	4655095	1	4655095	1
GCF_018067665	5103462	44	115987.77	957199	539	0	0	314910	5	263631	8	120174	14
SD_9_A7	4817836	36	133828.78	1562302	112	0	0	941925	2	527212	4	153410	6
GCF_016679915	5171384	51	101399.69	1229116	241	0	0	820315	3	441059	5	104186	9
GCF_018107715	5623660	136	41350.44	480961	210	0	0	123711	15	69625	27	30256	51
GCF_018441745	5205808	116	44877.66	329061	206	82	2	101906	16	70677	28	35372	49
GCF_016502025	4934025	36	137056.25	907117	1064	0	0	443149	4	285863	7	97585	13
GCF_020271725	5253470	6	875578.33	4930509	2745	0	0	4930509	1	4930509	1	4930509	1
GCF_016500775	4844974	21	230713.05	2204726	505	0	0	704736	2	586194	3	146355	6
GCF_015137255	5372530	4	1343132.5	4981812	61728	0	0	4981812	1	4981812	1	4981812	1
GCF_001413235	5196986	98	53030.47	2886131	200	4692	101	2886131	1	1913985	2	1913985	2
GCF_019802385	5534829	71	77955.34	1202315	202	3598	36	761951	3	577960	5	257802	7
GCF_012843215	4990389	38	131326.03	1777571	200	0	0	795266	2	465903	4	158938	8
GCF_001552875	4882379	45	108497.31	689414	524	6800	68	415269	5	270833	8	67445	16
GCF_900451665	4919773	2	2459886.5	4903414	16359	0	0	4903414	1	4903414	1	4903414	1
GCF_016507605	4674143	25	186965.72	741741	503	0	0	611584	4	359087	6	229397	9
GCF_009881195	5019963	440	11409.01	456513	1004	142	6	52155	24	18526	58	5685	153
GCF_001413275	5255654	158	33263.63	253383	200	20	2	97278	18	64683	31	32119	54
ERQ0217	5233832	187	27988.41	284979	112	0	0	122445	15	73996	26	29581	49
GCF_016503745	4556061	17	268003.59	1259009	1013	0	0	638646	3	428752	5	349270	7
GCF_003818115	4819610	55	87629.27	479055	639	0	0	211550	8	140892	14	54480	24
GCF_014903475	5154342	10	515434.2	2078951	5018	14941	23	1426735	2	576380	3	213418	5
GCF_018439105	5067290	433	11702.75	94596	232	209	4	24473	62	13200	119	6412	224
GCF_013337685	4924994	24	205208.08	801228	1088	0	0	485303	4	470723	6	120513	10
GCF_001057775	4716453	493	9566.84	66189	216	5927	86	17141	86	10759	157	4870	284
GCF_013816655	5112878	1	5112878.0	5112878	5112878	0	0	5112878	1	5112878	1	5112878	1
GCF_016505255	5053069	43	117513.23	506963	605	0	0	405590	6	276010	9	75942	17
ERQ0155	5234125	216	24232.06	324367	112	0	0	89377	16	53156	30	28209	55
GCF_008086465	4916516	3	1638838.67	4813365	40717	0	0	4813365	1	4813365	1	4813365	1
GCF_902387665	4845100	52	93175.0	4655095	273	250	25	4655095	1	4655095	1	4655095	1
GCF_018439185	5182355	169	30664.82	299747	211	502	38	89885	18	61960	32	28172	57
SG18_229_S54	4930855	62	79529.92	1084829	205	0	0	362400	5	261874	8	105920	15
GCF_016505055	4965733	19	261354.37	1872197	508	0	0	908417	2	465449	4	325461	6
GCF_020559425	5080601	34	149429.44	1105492	228	0	0	797376	3	504605	5	161734	8
SG18_8_S1	4801516	38	126355.68	640967	207	0	0	454833	5	212097	9	91559	15
GCF_014802885	6194587	1325	4675.16	112686	401	74494	486	15507	105	7747	220	1851	539
GCF_004005035	5454460	525	10389.45	263392	200	0	0	60710	26	29430	53	7375	123
GCF_016894045	5070620	1	5070620.0	5070620	5070620	471005	171	5070620	1	5070620	1	5070620	1
GCF_021440245	5383054	127	42386.25	682566	207	273	15	150436	10	78596	21	36797	40
ERQ0681	5620765	380	14791.49	494259	112	0	0	156413	12	97046	21	32068	40
GCF_002918455	5162346	23	224449.83	1340071	656	0	0	589890	3	516470	5	151743	8
GCF_016500385	4888513	17	287559.59	1425270	1013	0	0	1245283	2	616953	4	476373	5
GCF_016504885	5106838	42	121591.38	887166	530	0	0	376366	5	198732	8	102314	16
GCF_020215765	5085591	93	54683.77	597600	204	0	0	309759	6	174184	11	64361	21
GCF_000826205	4986623	56	89046.84	505367	567	0	0	292028	7	126358	13	63261	23
GCF_015668205	4813189	24	200549.54	1585016	1016	749	8	440915	3	304668	6	133690	11
GCF_902377535	4631466	30	154382.2	899269	616	0	0	290667	5	194356	8	126093	14
GCF_018441765	5156985	309	16689.27	170787	200	302	6	34672	43	21983	80	9763	148
GCF_013786025	4783420	1	4783420.0	4783420	4783420	0	0	4783420	1	4783420	1	4783420	1
GCF_902807175	5147203	110	46792.75	1601581	112	0	0	269568	4	194075	9	80819	17
GCF_016503095	4719269	22	214512.23	1181224	1593	0	0	639347	3	443446	5	142659	9
GCF_020215805	5137763	77	66724.19	613721	204	0	0	238343	7	174069	12	64361	21
GCF_016503305	4943226	50	98864.52	815391	224	0	0	336028	5	205521	9	85268	17
GCF_013786565	5353392	2	2676696.0	5056951	296441	0	0	5056951	1	5056951	1	5056951	1
GCF_017151595	5471101	166	32958.44	1409503	212	99	1	458568	3	345020	6	87073	12
GCF_004005615	5573619	189	29490.05	208511	208	0	0	92625	22	64050	37	18933	68
GCF_019660585	5429969	73	74383.14	952806	506	0	0	251828	6	114006	13	44510	26
GCF_002919485	5162224	20	258111.2	2676257	656	1	1	2676257	1	492546	3	151743	7
GCF_016507625	5081115	77	65988.51	582381	532	0	0	242470	7	159904	12	67294	22
GCF_004181905	4934002	133	37097.76	234067	371	4740	54	96616	17	70585	28	26875	49
GCF_009881175	4927625	68	72465.07	950566	1006	82	2	511756	4	469844	6	108107	12
GCF_005281195	4740309	90	52670.1	468322	1005	12401	224	164449	10	83396	18	29713	36
GCF_014170055	5276672	7	753810.29	4988401	2155	0	0	4988401	1	4988401	1	4988401	1
GCF_011603985	4872248	77	63275.95	361128	255	96	1	136640	10	97312	18	50487	32
GCF_002075345	5575578	107	52108.21	837849	252	0	0	428070	5	118138	10	44113	22
GCF_017151515	5293592	92	57539.04	894699	210	95	1	676623	4	433363	6	129355	10
GCF_016504785	4919091	24	204962.12	707559	538	0	0	410908	5	326510	7	149313	12
GCF_014855595	5362102	109	49193.6	450161	375	0	0	164608	11	93247	20	31948	39
GCF_014855645	5420254	109	49727.1	348627	853	0	0	146913	13	78021	23	38230	42
GCF_016893985	5070622	1	5070622.0	5070622	5070622	486700	267	5070622	1	5070622	1	5070622	1
GCF_018449455	5810531	294	19763.71	127944	403	0	0	49265	39	30006	69	12386	128
GCF_013169475	5550425	117	47439.53	551239	301	0	0	135690	11	92269	21	43412	38
GCF_019660945	5184263	90	57602.92	590817	570	0	0	181996	8	123067	15	39267	27
GCF_001273815	5663534	356	15908.8	246841	256	0	0	72950	24	34688	48	12053	98
GCF_014903115	5256401	9	584044.56	5076997	1835	56660	27	5076997	1	5076997	1	5076997	1
GCF_019645955	4847284	1	4847284.0	4847284	4847284	0	0	4847284	1	4847284	1	4847284	1
GCF_016500495	4884067	25	195362.68	1342399	615	0	0	456820	3	305420	6	172443	10
ERQ0211	5287620	204	25919.71	297210	112	0	0	134038	15	55600	27	21120	55
GCF_013726615	5140393	3	1713464.33	4956708	4899	0	0	4956708	1	4956708	1	4956708	1
GCF_014855715	5237326	253	20700.89	148494	502	0	0	45040	37	28779	66	14442	115
GCF_014802855	5265299	121	43514.87	255901	250	0	0	120363	17	67211	28	30189	52
GCF_016501315	4869559	17	286444.65	2670167	1013	0	0	2670167	1	586200	3	476363	4
GCF_001546305	4812175	63	76383.73	697543	508	6300	63	303787	5	188759	9	55688	18
GCF_016504585	4642092	25	185683.68	614393	1637	10	1	373012	5	237103	8	115603	15
GCF_014856005	5364350	116	46244.4	450108	494	0	0	170242	11	86489	21	36977	39
GCF_000936345	4875643	751	6492.2	88123	500	0	0	13830	101	7665	194	3279	385
GCF_013336865	5368293	4	1342073.25	5103462	33087	0	0	5103462	1	5103462	1	5103462	1
GCF_009648235	4751691	125	38013.53	1735222	206	2641	38	674359	2	416460	4	144157	7
GCF_016505095	5466287	87	62830.89	559235	517	0	0	252205	8	152570	14	52945	26
GCF_009721615	4801276	22	218239.82	1700629	246	0	0	768225	2	435427	4	210652	7
GCF_003665535	5053452	2	2526726.0	4996291	57161	0	0	4996291	1	4996291	1	4996291	1
GCF_009821535	5139159	38	135241.03	636583	506	314	3	365747	5	179244	9	117023	16
GCF_013748235	5088667	4	1272166.75	5027895	2349	0	0	5027895	1	5027895	1	5027895	1
GCF_018066625	5683632	159	35746.11	384632	506	0	0	90830	16	56851	33	24153	60
GCF_019048045	4817760	1	4817760.0	4817760	4817760	0	0	4817760	1	4817760	1	4817760	1
GCF_016504145	4684865	15	312324.33	1416336	4928	0	0	677741	3	429631	5	186682	8
GCF_905330765	5708945	5	1141789.0	5218036	63589	0	0	5218036	1	5218036	1	5218036	1
GCF_013707835	5507084	18	305949.11	5163581	206	0	0	5163581	1	5163581	1	5163581	1
GCF_000809165	5354311	154	34768.25	584946	203	0	0	182052	9	96332	17	41571	33
GCF_018441785	5409209	188	28772.39	397207	231	10	1	136630	14	80345	25	35443	44
GCF_000783995	5258481	1	5258481.0	5258481	5258481	0	0	5258481	1	5258481	1	5258481	1
GCF_018422725	4939911	42	117616.93	2448422	231	838	10	423121	2	269171	4	145874	9
GCF_016503885	5684806	128	44412.55	629767	512	0	0	204363	9	112888	18	34318	37
GCF_001718055	5497225	3	1832408.33	5096586	171233	0	0	5096586	1	5096586	1	5096586	1
GCF_018883525	4857938	30	161931.27	641225	581	492	5	438827	5	254522	7	150552	12
GCF_016501955	4883977	35	139542.2	888753	536	0	0	467998	4	357653	6	127596	11
GCF_001413115	5349965	116	46120.39	4173156	201	2290	70	4173156	1	4173156	1	94901	3
GCF_004004645	5253885	1277	4114.24	101464	200	0	0	17089	69	7179	167	1919	434
GCF_014103715	5459456	11	496314.18	5312570	224	0	0	5312570	1	5312570	1	5312570	1
GCF_000208765	4904641	357	13738.49	156554	101	364	114	60237	27	45846	46	21555	75
GCF_013336955	5331905	5	1066381.0	5124025	4938	0	0	5124025	1	5124025	1	5124025	1
GCF_014103885	5421772	6	903628.67	4721568	1229	0	0	4721568	1	4721568	1	414203	2
GCF_018066575	6015179	121	49712.22	492129	523	0	0	152314	11	107722	21	42589	37
GCF_013814485	4843970	1	4843970.0	4843970	4843970	0	0	4843970	1	4843970	1	4843970	1
GCF_002786865	5357480	2	2678740.0	5311319	46161	0	0	5311319	1	5311319	1	5311319	1
GCF_019382635	4727594	1	4727594.0	4727594	4727594	315417	289	4727594	1	4727594	1	4727594	1
GCF_015674725	4856736	31	156668.9	545767	370	0	0	343863	6	217360	9	134769	15
ERQ0677	5874759	173	33958.14	693602	112	0	0	124186	13	73282	25	30327	50
GCF_002934585	5738233	7	819747.57	5246201	6974	0	0	5246201	1	5246201	1	5246201	1
GCF_018439765	4964783	239	20773.15	172844	215	100	1	50209	30	30580	55	14637	101
GCF_016114665	4844413	22	220200.59	1659989	1003	0	0	600840	3	267189	5	153696	9
GCF_013739755	5439368	5	1087873.6	5103116	2925	0	0	5103116	1	5103116	1	5103116	1
GCF_016507745	5250585	42	125013.93	1082420	584	296	3	332897	5	219223	10	126181	16
GCF_003938795	5202648	7	743235.43	4905179	1506	0	0	4905179	1	4905179	1	4905179	1
GCF_000786265	5242830	64	81919.22	3822494	302	4500	45	3822494	1	3822494	1	1329095	2
ERQ0046	5524491	946	5839.84	161057	112	0	0	44515	42	26578	74	11191	136
GCF_013785525	4774094	1	4774094.0	4774094	4774094	0	0	4774094	1	4774094	1	4774094	1
ERQ0192	5239571	310	16901.84	338245	112	0	0	100020	16	54610	30	19064	62
ERQ0241	5840132	321	18193.56	240756	92	0	0	92903	21	66365	36	19899	68
GCF_013738915	5498621	5	1099724.2	5178534	2746	0	0	5178534	1	5178534	1	5178534	1
GCF_011030295	5492372	105	52308.3	512207	225	0	0	187347	9	154034	16	60147	28
GCF_002903305	5688355	5	1137671.0	5016446	53632	0	0	5016446	1	5016446	1	355789	2
GCF_001058675	5250163	254	20669.93	278188	200	100	1	52702	30	35640	54	14931	97
GCF_004005085	5071848	179	28334.35	383825	200	0	0	116245	15	62002	25	25871	49
GCF_000734905	4899643	129	37981.73	260953	208	0	0	76371	21	51520	36	18837	67
GCF_013783065	5363930	8	670491.25	4941540	2520	0	0	4941540	1	4941540	1	4941540	1
GCF_001482545	5231889	54	96886.83	985616	820	42	11	519422	4	355899	6	97279	12
GCF_021440705	5298171	151	35087.23	286412	206	751	16	121734	15	71895	26	23567	50
GCF_016504155	4822764	16	301422.75	1425226	1013	0	0	1245302	2	705473	3	476373	5
GCF_001412815	5254784	147	35746.83	274223	203	10	1	107622	17	66481	30	36599	51
GCF_016504355	4722168	20	236108.4	1532784	597	299	3	933306	2	503415	4	123041	7
GCF_019659965	5426502	143	37947.57	283584	510	0	0	87940	19	58260	36	27920	61
GCF_016501455	5505193	129	42675.91	481299	520	0	0	142869	12	111441	20	34696	39
GCF_006965505	4804472	2	2402236.0	4722748	81724	0	0	4722748	1	4722748	1	4722748	1
GCF_002252125	5842230	172	33966.45	277707	502	30	3	114394	16	64084	30	20378	60
GCF_016502155	4828724	18	268262.44	884712	1052	0	0	517385	4	454620	6	142242	9
GCF_001880915	5380750	180	29893.06	486148	208	0	0	230190	8	117107	16	34324	34
GCF_013336965	5559504	66	84234.91	740732	1094	0	0	501184	5	415314	8	61058	15
GCF_002151695	4992764	5	998552.8	4901786	1203	71828	30	4901786	1	4901786	1	4901786	1
GCF_007004285	5484880	187	29330.91	279398	201	626	16	106909	18	58882	31	17188	65
GCF_016502205	4901648	18	272313.78	1117396	643	0	0	763601	3	487338	5	141479	8
GCF_004684345	4946572	2	2473286.0	4840504	106068	0	0	4840504	1	4840504	1	4840504	1
GCF_021417185	5021851	42	119567.88	1426842	216	280	10	506037	3	465713	5	121962	9
GCF_016505545	4684233	22	212919.68	679192	603	0	0	554325	4	264136	7	149542	11
GCF_020639355	5253532	4	1313383.0	4932911	46161	0	0	4932911	1	4932911	1	4932911	1
GCF_013728515	5709006	4	1427251.5	5224399	65098	0	0	5224399	1	5224399	1	5224399	1
GCF_014101305	4944199	11	449472.64	4626945	244	0	0	4626945	1	4626945	1	4626945	1
GCF_018035235	5038843	10	503884.3	1570416	37327	0	0	1360881	2	832706	3	348107	5
GCF_019800325	5119742	43	119063.77	725021	1117	0	0	419860	5	192314	8	92908	15
GCF_003795375	5284651	31	170472.61	1075069	368	399	4	578280	4	362631	6	146277	11
GCF_008931505	5442770	3	1814256.67	5022915	176400	0	0	5022915	1	5022915	1	5022915	1
GCF_019660705	4925148	74	66556.05	520543	519	0	0	234367	7	149860	13	56949	21
GCF_900446835	4949910	9	549990.0	4768351	7124	0	0	4768351	1	4768351	1	4768351	1
GCF_013889015	4652007	1	4652007.0	4652007	4652007	0	0	4652007	1	4652007	1	4652007	1
GCF_016894065	5098182	1	5098182.0	5098182	5098182	460454	301	5098182	1	5098182	1	5098182	1
GCF_901456305	5401457	10	540145.7	2415109	2646	0	0	2241041	2	2241041	2	375002	3
GCF_901456265	5112060	6	852010.0	4889818	5386	0	0	4889818	1	4889818	1	4889818	1
GCF_016504165	4682606	21	222981.24	741865	1013	0	0	638683	4	496554	5	278927	8
GCF_013791465	5391037	5	1078207.4	5098550	2759	0	0	5098550	1	5098550	1	5098550	1
GCF_009664025	5444819	3	1814939.67	5143118	5584	0	0	5143118	1	5143118	1	5143118	1
GCF_018438625	5502271	86	63979.9	504494	217	84	2	192447	9	136786	16	63746	25
GCF_016503905	4908811	28	175314.68	879436	1003	0	0	524499	4	423965	6	120393	11
GCF_013791615	5031117	3	1677039.0	4906122	61353	0	0	4906122	1	4906122	1	4906122	1
GCF_000312465	5001265	171	29247.16	445729	506	1	1	196048	8	135897	15	63421	25
GCF_004792475	4839493	1	4839493.0	4839493	4839493	0	0	4839493	1	4839493	1	4839493	1
GCF_000739675	5242193	26	201622.81	5082826	512	54680	42	5082826	1	5082826	1	5082826	1
GCF_004331445	5326488	84	63410.57	584381	1006	0	0	210999	8	132285	14	42900	28
GCF_003938785	5180830	5	1036166.0	5092291	1144	0	0	5092291	1	5092291	1	5092291	1
GCF_016500695	5580257	93	60002.76	803887	503	0	0	286216	7	243248	11	82163	18
GCF_015356495	5883653	5	1176730.6	5119010	62812	0	0	5119010	1	5119010	1	489742	2
GCF_014725915	5546039	2	2773019.5	5268984	277055	0	0	5268984	1	5268984	1	5268984	1
GCF_018446915	5368649	119	45114.7	632666	207	922	4	167872	8	119266	15	39678	31
GCF_005281345	5160421	117	44106.16	528017	200	14086	92	222765	7	115588	14	38903	29
GCF_006937845	5189880	172	30173.72	494975	202	2982	164	140831	11	97945	20	31659	38
GCF_014103415	5629017	10	562901.7	4831889	232	0	0	4831889	1	4831889	1	313114	2
GCF_015965415	5222018	191	27340.41	271901	233	0	0	62581	25	40202	45	21383	79
GCF_900446955	4928268	2	2464134.0	3450855	1477413	0	0	3450855	1	3450855	1	1477413	2
GCF_020889405	5181449	47	110243.6	957225	219	0	0	470220	4	310690	7	163873	11
GCF_013732395	5580368	8	697546.0	5161365	2694	0	0	5161365	1	5161365	1	5161365	1
GCF_013336855	5745125	8	718140.62	5135643	1443	0	0	5135643	1	5135643	1	376653	2
GCF_003812405	4581001	1	4581001.0	4581001	4581001	0	0	4581001	1	4581001	1	4581001	1
GCF_002864025	5169752	70	73853.6	1822987	502	0	0	559284	3	195539	6	81190	14
GCF_013336845	5681970	9	631330.0	4461564	1729	0	0	4461564	1	4461564	1	258721	4
GCF_016507845	4923137	33	149185.97	921443	571	0	0	496211	4	414124	6	158916	10
GCF_018252635	4805659	66	72813.02	1138657	307	0	0	621844	3	590792	5	466472	6
GCF_004146055	5441776	518	10505.36	185158	294	6098	86	34686	37	15818	82	5308	196
GCF_018257795	3883954	43	90324.51	548971	501	25	3	327922	5	292164	8	103524	12
GCF_001306025	4891646	8	611455.75	3448390	1243	9881	11	3448390	1	3448390	1	1323704	2
GCF_014856085	5020129	50	100402.58	824490	487	0	0	424327	4	230155	8	93340	14
GCF_013784065	5238808	2	2619404.0	5109855	128953	0	0	5109855	1	5109855	1	5109855	1
GCF_013899365	4890346	2	2445173.0	4885177	5169	0	0	4885177	1	4885177	1	4885177	1
GCF_016859885	5373018	82	65524.61	670087	133	0	0	341748	6	230335	10	86450	17
GCF_014596815	5370164	111	48379.86	596983	500	0	0	161311	9	107765	17	32173	36
GCF_018107785	5151664	135	38160.47	234851	238	0	0	115018	16	69112	27	32033	47
GCF_005280955	4904780	56	87585.36	633646	210	506	4	455925	5	220793	8	120970	14
GCF_015668035	4767485	26	183364.81	793616	1038	108	2	554887	4	320570	6	145771	10
GCF_014104105	5335716	9	592857.33	5123390	224	0	0	5123390	1	5123390	1	5123390	1
GCF_900460985	4735310	3	1578436.67	4714976	9293	0	0	4714976	1	4714976	1	4714976	1
GCF_015208815	5299408	58	91369.1	1068328	537	0	0	518368	4	253404	7	77951	14
GCF_900079995	5293620	36	147045.0	803536	545	0	0	571932	4	216810	7	90147	14
GCF_012955585	4650688	1	4650688.0	4650688	4650688	40	4	4650688	1	4650688	1	4650688	1
GCF_002947035	4923281	3	1641093.67	4798293	42930	0	0	4798293	1	4798293	1	4798293	1
GCF_015353115	4959201	2	2479600.5	4906411	52790	0	0	4906411	1	4906411	1	4906411	1
GCF_013748855	5351505	3	1783835.0	5205079	4426	0	0	5205079	1	5205079	1	5205079	1
GCF_003937345	5545800	7	792257.14	4996134	4305	0	0	4996134	1	4996134	1	4996134	1
GCF_012952645	5148049	2	2574024.5	4951267	196782	0	0	4951267	1	4951267	1	4951267	1
GCF_016503955	5184057	73	71014.48	544794	547	0	0	331637	6	177702	10	74178	18
GCF_001276125	4956891	39	127099.77	736163	205	0	0	533449	4	426333	6	158720	10
ERQ0162	5265461	200	26327.31	296988	112	0	0	135051	14	55253	27	19229	56
GCF_016504225	5142218	31	165878.0	1859776	568	0	0	961821	2	241245	5	120943	10
GCF_008802955	5337148	399	13376.31	964605	204	0	0	559182	4	406389	6	103493	11
GCF_014802925	5234242	146	35850.97	377489	229	6	1	81738	19	55545	34	24233	61
GCF_900169695	5505180	324	16991.3	352068	112	79	2	128464	16	73691	28	25206	53
GCF_005280935	4889882	90	54332.02	658990	1003	18847	340	212035	7	114104	13	19610	35
GCF_021503935	5018720	37	135641.08	1015416	533	0	0	437885	4	210803	7	142713	13
GCF_018443315	5391316	111	48570.41	560359	218	119	4	176463	9	97925	17	43989	32
GCF_018279205	4825730	1	4825730.0	4825730	4825730	0	0	4825730	1	4825730	1	4825730	1
GCF_016504905	4906253	41	119664.71	692903	512	0	0	375853	5	295593	8	96044	15
GCF_016500715	4712835	24	196368.12	974345	611	0	0	561821	4	486565	5	173843	8
GCF_004103775	5331078	2	2665539.0	5124258	206820	0	0	5124258	1	5124258	1	5124258	1
GCF_016893845	5070623	1	5070623.0	5070623	5070623	556235	257	5070623	1	5070623	1	5070623	1
GCF_013360255	5438677	5	1087735.4	4253405	32586	0	0	4253405	1	4253405	1	825450	2
GCF_902363265	4739968	22	215453.09	1513502	356	64	5	899252	2	513505	4	154046	6
GCF_013389635	5667960	3	1889320.0	5338221	34521	0	0	5338221	1	5338221	1	5338221	1
SG18_227_S53	4661343	37	125982.24	689210	215	0	0	360578	5	308308	8	155617	12
GCF_002073755	5244290	1	5244290.0	5244290	5244290	0	0	5244290	1	5244290	1	5244290	1
SG18_138_2_S33	4633018	29	159759.24	1203811	201	0	0	626308	3	452868	5	303534	7
GCF_015672735	4855249	84	57800.58	261059	486	0	0	129325	15	83903	24	33782	42
GCF_015667445	5030859	79	63681.76	334489	1004	550	3	140940	11	93261	20	42338	35
GCF_004005575	5516260	884	6240.11	131546	201	0	0	32952	44	13136	96	3118	263
GCF_013781945	4946286	1	4946286.0	4946286	4946286	0	0	4946286	1	4946286	1	4946286	1
GCF_003019835	5028563	1	5028563.0	5028563	5028563	606180	461	5028563	1	5028563	1	5028563	1
GCF_003571565	5772165	6	962027.5	5121015	49806	0	0	5121015	1	5121015	1	260460	2
GCF_001586835	4883916	92	53086.04	311856	508	0	0	157015	12	98478	20	35570	36
GCF_001058505	5477455	194	28234.3	341467	200	100	1	86152	18	56816	33	26176	60
GCF_014104015	5465787	17	321516.88	4962235	213	0	0	4962235	1	4962235	1	4962235	1
GCF_016500665	4748195	44	107913.52	923602	555	0	0	277111	5	158640	9	94340	16
GCF_009856695	4878270	1	4878270.0	4878270	4878270	0	0	4878270	1	4878270	1	4878270	1
GCF_002918865	4934779	40	123369.48	500004	551	0	0	286310	7	189549	11	85102	18
GCF_003114935	5364252	183	29312.85	272388	133	0	0	82206	22	44244	42	18014	77
GCF_006385635	5512617	5	1102523.4	4955441	19568	0	0	4955441	1	4955441	1	301036	2
GCF_013727455	5497474	4	1374368.5	5108587	82097	0	0	5108587	1	5108587	1	5108587	1
GCF_013740875	5388913	5	1077782.6	4927085	1455	0	0	4927085	1	4927085	1	4927085	1
GCF_002918875	5490432	138	39785.74	385876	506	0	0	170947	11	118572	19	29129	37
GCF_017151445	4980989	76	65539.33	1545851	217	0	0	741905	3	492666	4	154408	7
GCF_016505325	5237458	61	85859.97	819833	596	0	0	341944	5	213408	10	56226	19
GCF_005406305	4569707	1	4569707.0	4569707	4569707	0	0	4569707	1	4569707	1	4569707	1
GCF_001413335	5251447	192	27351.29	225501	200	0	0	78428	23	43721	41	26135	72
GCF_017353275	5076568	68	74655.41	808930	213	91	1	250843	6	154433	12	85102	21
GCF_001316675	6185966	850	7277.61	148925	233	0	0	37580	47	22120	89	4546	196
GCF_016505585	5240440	33	158801.21	1108166	604	0	0	515291	4	435243	6	96970	11
GCF_021441345	4747469	107	44368.87	584319	225	85	4	135395	11	86705	19	35852	37
GCF_003226155	4756360	11	432396.36	4610870	370	0	0	4610870	1	4610870	1	4610870	1
GCF_905337805	4762820	4	1190705.0	4634954	26834	0	0	4634954	1	4634954	1	4634954	1
GCF_016505195	4809879	30	160329.3	975244	533	0	0	474201	4	285162	7	100179	12
GCF_000521945	4947895	4	1236973.75	3384993	87153	6553	11	3384993	1	1295238	2	1295238	2
GCF_015910405	5221927	4	1305481.75	5050163	4921	0	0	5050163	1	5050163	1	5050163	1
GCF_002919825	5562967	125	44503.74	363040	540	0	0	123471	13	83916	25	32312	43
GCF_018917665	5284762	40	132119.05	1287066	542	0	0	477389	4	317516	6	113413	13
GCF_009832525	4944154	68	72708.15	1032717	209	90	9	518924	4	313890	6	163164	10
GCF_018106185	5336935	121	44106.9	450779	211	0	0	248778	8	150982	14	57323	25
GCF_011030065	5617431	133	42236.32	746535	212	0	0	245828	8	114127	15	47242	29
GCF_021417245	5429622	131	41447.5	462492	202	900	9	166800	10	111967	17	40154	32
GCF_017086505	4983275	2	2491637.5	4919686	63589	0	0	4919686	1	4919686	1	4919686	1
GCF_002249995	5715629	4	1428907.25	5130228	107249	0	0	5130228	1	5130228	1	328945	2
GCF_014332835	5282421	64	82537.83	945878	207	0	0	571851	4	189558	8	92535	15
GCF_016505495	4902600	20	245130.0	1173332	544	0	0	681589	3	560327	5	214563	7
GCF_016811995	4710468	2	2355234.0	4652769	57699	0	0	4652769	1	4652769	1	4652769	1
GCF_016501445	4850725	15	323381.67	2707338	1013	0	0	2707338	1	518050	3	186662	5
GCF_900461045	4883239	16	305202.44	1980914	7776	0	0	1233110	2	485079	3	163087	6
GCF_021440885	4915595	81	60686.36	724325	224	143	7	173671	9	81943	18	48072	33
GCF_000786275	5040789	17	296517.0	5028527	300	2400	24	5028527	1	5028527	1	5028527	1
GCF_000972645	5005025	137	36533.03	205237	1030	0	0	66745	23	50066	39	22925	67
GCF_013267145	5441974	3	1813991.33	5357785	6914	0	0	5357785	1	5357785	1	5357785	1
GCF_009876825	4880167	19	256850.89	950711	2830	12	3	858098	3	510865	5	141143	8
GCF_001413165	5330304	163	32701.25	220742	203	0	0	118002	17	70976	28	36591	49
GCF_002918935	5536114	34	162826.88	1325272	598	3	3	448810	4	307325	7	135393	13
GCF_013729995	5039179	4	1259794.75	4920836	1488	0	0	4920836	1	4920836	1	4920836	1
GCF_001067775	4999634	108	46292.91	327736	208	15	1	117525	14	85494	24	31976	42
GCF_014803145	5299195	119	44531.05	747892	374	0	0	158128	9	103064	17	32747	32
GCF_900636015	4694654	1	4694654.0	4694654	4694654	0	0	4694654	1	4694654	1	4694654	1
GCF_014103835	5460290	7	780041.43	5054670	398	0	0	5054670	1	5054670	1	5054670	1
GCF_001858105	4635645	21	220745.0	919798	406	0	0	688791	3	449781	5	193638	8
GCF_009907085	5282127	368	14353.61	309543	200	0	0	32909	42	19737	83	8843	159
GCF_001546325	4811954	55	87490.07	644943	508	6200	62	270757	7	132666	12	51660	21
GCF_016503505	5516306	49	112577.67	1133306	1040	0	0	509101	4	199781	7	87325	14
GCF_012102405	4744381	19	249704.26	1874689	679	100	1	525854	2	444230	4	151304	7
GCF_902160995	4914869	39	126022.28	1040182	304	94	1	559479	4	405753	6	160524	9
GCF_019270275	4951267	1	4951267.0	4951267	4951267	419260	161	4951267	1	4951267	1	4951267	1
GCF_014855985	5348794	111	48187.33	348301	301	0	0	124931	14	76095	25	31060	45
GCF_016505035	4696853	17	276285.47	1957178	564	0	0	684865	2	674027	3	160382	6
GCF_002919425	5169381	30	172312.7	2680168	602	3	3	2680168	1	516346	3	151743	6
GCF_016503225	5158768	40	128969.2	703595	914	0	0	444789	5	198080	9	122110	15
GCF_013615435	5175883	3	1725294.33	5145831	5103	0	0	5145831	1	5145831	1	5145831	1
GCF_018421745	4849345	78	62171.09	433597	212	543	10	168380	9	105322	16	42433	30
GCF_008931485	5514965	3	1838321.67	5095110	176400	0	0	5095110	1	5095110	1	5095110	1
GCF_910573735	5287012	105	50352.5	277527	343	209	12	97364	19	64779	31	34155	53
GCF_016504925	4864117	26	187081.42	1636678	506	0	0	529557	3	412253	5	123353	9
GCF_013786205	5222519	3	1740839.67	4936735	15777	0	0	4936735	1	4936735	1	4936735	1
GCF_002738435	5331440	56	95204.29	877516	502	0	0	317820	6	144993	12	72758	22
GCF_013781985	5490700	5	1098140.0	5217381	4196	0	0	5217381	1	5217381	1	5217381	1
GCF_019655655	5377596	134	40131.31	652504	104	0	0	214016	8	98322	15	31970	34
ERQ0572	5609986	180	31166.59	463510	113	0	0	208963	10	110602	17	32316	34
GCF_018441435	5421676	93	58297.59	740244	211	366	5	242797	7	180467	12	67073	24
GCF_005281245	4390511	66	66522.89	352028	1003	28051	467	188633	8	146641	13	48109	23
GCF_001276105	4952580	47	105374.04	1290767	207	0	0	330749	4	234059	8	106437	13
GCF_019803045	5406671	5	1081334.2	5022624	50904	0	0	5022624	1	5022624	1	5022624	1
GCF_012955545	4664379	1	4664379.0	4664379	4664379	270	27	4664379	1	4664379	1	4664379	1
GCF_014103585	5510747	22	250488.5	5270205	268	0	0	5270205	1	5270205	1	5270205	1
ERQ0251	5239957	201	26069.44	259499	112	0	0	86039	17	53150	32	23349	59
GCF_013781965	5284993	4	1321248.25	4992760	3728	0	0	4992760	1	4992760	1	4992760	1
GCF_014856095	5354230	110	48674.82	348603	488	0	0	144343	13	86550	23	38629	40
ERQ0672	5878734	197	29841.29	393176	112	0	0	115762	14	68038	27	31987	51
GCF_011030315	5485385	169	32457.9	454312	211	0	0	151395	12	99612	21	32012	38
GCF_002211705	5602472	3	1867490.67	5242839	63458	0	0	5242839	1	5242839	1	5242839	1
GCF_000937455	5763242	16	360202.62	4291073	2203	7642	40	4291073	1	4291073	1	213124	4
ERQ0169	5107990	111	46017.93	653999	112	0	0	180561	10	123485	16	50680	29
SD_9_C7	4888862	50	97777.24	1080788	116	0	0	469647	4	222250	7	113978	12
GCF_016505185	4830040	20	241502.0	817854	505	0	0	634397	4	460030	6	277254	8
GCF_014105665	5055781	67	75459.42	621030	205	0	0	457724	5	308912	8	102518	13
GCF_000398825	4902667	4	1225666.75	4176622	42642	20184	12	4176622	1	4176622	1	555406	2
GCF_000155975	5154159	10	515415.9	2724488	1555	3900	39	2724488	1	499154	3	423041	5
GCF_019265365	4998595	1	4998595.0	4998595	4998595	607124	414	4998595	1	4998595	1	4998595	1
GCF_016504725	5351631	34	157400.91	846795	647	0	0	467337	5	214348	8	100213	15
GCF_005280815	4955874	313	15833.46	925900	200	355	17	774166	3	462808	5	136173	8
DB_3_D1	5523524	696	7936.1	186126	112	0	0	36051	47	20119	87	8451	169
GCF_013737455	5582599	7	797514.14	5162943	2694	0	0	5162943	1	5162943	1	5162943	1
SG18_109_2_S19	4918896	36	136636.0	1221278	204	0	0	452777	4	234381	7	119157	12
GCF_000238735	5122674	11	465697.64	2632249	1880	2500	25	2632249	1	553925	3	155804	6
GCF_018439905	4964119	377	13167.42	149010	217	0	0	25974	44	15698	94	6298	190
GCF_016503695	4961423	54	91878.2	1025942	684	0	0	251567	5	150568	10	86707	19
GCF_001034445	5182566	10	518256.6	2637604	2277	10579	6	2637604	1	578922	3	358721	5
GCF_019659885	5489678	113	48581.22	525793	510	0	0	155720	11	111025	19	37420	34
GCF_013345705	5311703	7	758814.71	5245291	206	10078	8	5245291	1	5245291	1	5245291	1
GCF_013751895	5108211	2	2554105.5	5031983	76228	0	0	5031983	1	5031983	1	5031983	1
GCF_008364645	4866670	51	95424.9	725706	505	220	1	263125	6	119374	12	59789	24
GCF_011392435	5037900	120	41982.5	445189	241	23	3	144669	11	105850	19	36691	34
GCF_019048805	5579607	2	2789803.5	5561066	18541	0	0	5561066	1	5561066	1	5561066	1
GCF_017154235	4808646	75	64115.28	1138670	307	0	0	607006	3	466472	5	160184	7
GCF_001412855	5256739	155	33914.45	369554	200	30	3	107626	16	66485	29	31994	52
GCF_004327835	5394691	208	25936.01	209443	334	0	0	61653	29	41333	50	16376	90
GCF_014856035	5106627	101	50560.66	450101	505	0	0	164830	11	88290	20	44406	35
GCF_011022025	5306295	3	1768765.0	4951125	51042	0	0	4951125	1	4951125	1	4951125	1
GCF_015356435	4865588	4	1216397.0	4799310	1296	0	0	4799310	1	4799310	1	4799310	1
ERQ0199	5302382	299	17733.72	296988	112	0	0	131841	15	56408	27	19936	55
GCF_016501105	4670054	16	291878.38	1246682	648	0	0	716028	3	696091	4	441226	6
GCF_018423015	5278121	103	51243.89	579933	200	385	6	246078	8	155211	13	52879	23
GCF_001412875	5253465	153	34336.37	290839	200	0	0	103947	18	66489	30	32123	53
GCF_016501565	4746976	24	197790.67	1258994	783	0	0	625683	3	392123	5	110449	10
GCF_014337335	5567713	4	1391928.25	5128689	31807	0	0	5128689	1	5128689	1	5128689	1
GCF_004569315	4826282	33	146250.97	2377752	210	0	0	705426	2	681697	3	292715	5
GCF_001880825	5439441	218	24951.56	440943	200	0	0	127768	13	83715	24	33320	43
GCF_001317135	5568249	239	23298.11	455833	212	0	0	86515	18	50018	34	16611	74
GCF_016501545	4735697	22	215258.95	1241123	556	0	0	681154	3	447500	5	141824	9
GCF_014802965	5578361	124	44986.78	629765	222	18	2	165332	9	108530	18	36505	36
GCF_010231475	5185757	158	32821.25	361581	1034	162	17	83590	18	51129	33	19580	65
GCF_014332855	5282788	50	105655.76	945878	232	0	0	571736	4	189558	8	126249	15
GCF_902706235	5315770	124	42869.11	496602	136	0	0	248198	8	170481	13	76606	22
GCF_016503825	4989291	45	110873.13	752608	580	0	0	254211	6	158569	11	88287	20
GCF_019656355	5125867	87	58918.01	291839	1198	0	0	139152	13	69069	24	34769	42
GCF_008364725	4999469	44	113624.3	977888	502	415	3	363223	5	192081	8	102934	16
GCF_008364895	5364016	107	50130.99	617708	501	526	5	168085	9	107765	17	32184	36
GCF_009649935	5143213	3	1714404.33	4948530	84545	0	0	4948530	1	4948530	1	4948530	1
GCF_016504745	4806994	32	150218.56	685612	556	1	1	354699	5	224298	8	82295	14
GCF_021496985	5057441	5	1011488.2	4945255	2959	0	0	4945255	1	4945255	1	4945255	1
GCF_019585185	5218318	193	27037.92	747055	205	483	5	205238	8	106848	15	31207	33
GCF_016502285	4873777	38	128257.29	1413755	515	0	0	437825	4	328806	6	119075	11
GCF_008502135	5219418	61	85564.23	496047	505	65	1	256736	8	144226	13	80066	22
GCF_004004965	5772264	429	13455.16	223692	203	0	0	58673	27	28983	55	7151	138
GCF_016893885	5070623	1	5070623.0	5070623	5070623	596131	289	5070623	1	5070623	1	5070623	1
GCF_016500565	4889150	24	203714.58	974898	841	0	0	586189	4	530788	5	146355	8
GCF_008693605	4929340	2	2464670.0	4926736	2604	0	0	4926736	1	4926736	1	4926736	1
GCF_016503735	4902741	40	122568.52	932293	737	0	0	493088	4	331826	7	111873	13
GCF_902160915	4920980	59	83406.44	1040182	300	76	2	559664	4	316099	6	135629	10
GCF_010592375	5838335	1986	2939.75	509106	200	886	9	170003	12	87260	22	8985	55
GCF_021278985	5381137	2	2690568.5	5341875	39262	0	0	5341875	1	5341875	1	5341875	1
GCF_019731585	5114343	46	111181.37	774352	605	4368	47	336989	5	218127	8	86228	15
GCF_002025225	5142338	2	2571169.0	4929789	212549	0	0	4929789	1	4929789	1	4929789	1
GCF_000398845	5266563	12	438880.25	1426850	2474	21171	10	1323414	2	664100	4	485453	5
GCF_008364705	5455613	58	94062.29	612043	545	0	0	208155	8	136384	15	68403	26
GCF_016501675	4584338	18	254685.44	979289	1013	0	0	675210	3	459430	5	257113	8
GCF_001413315	5254268	171	30726.71	282738	203	0	0	88523	20	52882	36	30096	61
GCF_013336945	5744664	12	478722.0	4293540	1828	0	0	4293540	1	4293540	1	265468	3
GCF_015167655	5349552	1	5349552.0	5349552	5349552	0	0	5349552	1	5349552	1	5349552	1
SG18_42_S4	4900049	37	132433.76	1123743	202	0	0	518379	4	348750	6	118924	10
GCF_013336995	5332728	24	222197.0	1853250	1040	0	0	952088	2	937857	3	399535	6
GCF_019655495	5172575	196	26390.69	296710	92	0	0	107545	16	73617	28	30039	48
GCF_001880945	5481360	225	24361.6	453557	206	0	0	126591	11	61750	24	18665	52
GCF_014803165	5524899	232	23814.22	324394	423	1871	27	80475	23	47665	40	14364	79
GCF_002185305	5092020	39	130564.62	654454	538	0	0	287643	6	186380	11	123626	17
GCF_013751655	5037194	2	2518597.0	4982711	54483	0	0	4982711	1	4982711	1	4982711	1
GCF_013790265	5066655	1	5066655.0	5066655	5066655	0	0	5066655	1	5066655	1	5066655	1
GCF_001062165	4909996	101	48613.82	255942	200	200	2	140016	14	101088	22	38398	39
GCF_013828645	4755731	1	4755731.0	4755731	4755731	0	0	4755731	1	4755731	1	4755731	1
GCF_002919495	5537458	25	221498.32	1418115	627	5	5	700952	3	448825	4	139400	9
GCF_018444815	5524208	212	26057.58	324897	204	260	2	77323	23	54600	40	21222	71
GCF_013731955	4983531	1	4983531.0	4983531	4983531	0	0	4983531	1	4983531	1	4983531	1
GCF_016503295	4934350	29	170150.0	1247229	1013	0	0	616721	3	476373	5	124181	9
GCF_000731055	5273145	110	47937.68	489429	419	0	0	115086	15	72930	26	34159	47
GCF_001059255	5307969	315	16850.7	135550	200	13	1	45662	35	27130	66	11432	126
GCF_001037575	5324738	6	887456.33	4477298	6213	5610	11	4477298	1	4477298	1	449655	2
GCF_015554155	5020718	22	228214.45	1126481	1022	277	4	526892	4	287585	6	186104	10
