NZ_BPFK01000035.1	tmexD1	tmexD1	97.671	3135	3135	1	3135	46741	49875	53711	73	0	0.0	5385	GCF_019655495
NZ_BPFK01000035.1	toprJ1	toprJ1	99.930	1434	1434	1	1434	49880	51313	53711	1	0	0.0	2643	GCF_019655495
NZ_BPFK01000035.1	tmexC1	tmexC1	95.447	1164	1164	1	1164	45562	46725	53711	53	0	0.0	1857	GCF_019655495
NZ_LIGB01000010.1	tmexD1	tmexD1	74.251	334	3135	1376	1049	253480	253804	508865	71	13	2.10e-29	126	GCF_001276125
NZ_CP029730.1	tmexD1	tmexD1	76.735	1758	3135	22	1745	47016	48742	136246	344	54	0.0	920	GCF_003204265
NZ_CP050009.1	tmexD1	tmexD1	74.775	333	3135	1376	1049	2833584	2833908	5246113	71	11	9.97e-32	137	GCF_011602505
NZ_BPFL01000034.1	tmexD1	tmexD1	97.671	3135	3135	3135	1	3849	6983	53735	73	0	0.0	5385	GCF_019655555
NZ_BPFL01000034.1	toprJ1	toprJ1	99.930	1434	1434	1434	1	2411	3844	53735	1	0	0.0	2643	GCF_019655555
NZ_BPFL01000034.1	tmexC1	tmexC1	95.447	1164	1164	1164	1	6999	8162	53735	53	0	0.0	1857	GCF_019655555
NZ_JADVNW010000005.1	tmexD1	tmexD1	74.474	333	3135	1376	1049	254389	254713	476011	72	11	4.22e-31	132	GCF_016507845
NZ_CP057150.1	tmexD1	tmexD1	74.775	333	3135	1376	1049	2569791	2570115	4737278	71	11	9.01e-32	137	GCF_013816795
NZ_JADVJB010000001.1	tmexD1	tmexD1	74.320	331	3135	1049	1376	713447	713771	975244	76	8	8.64e-31	132	GCF_016505195
NZ_CP014070.2	tmexD1	tmexD1	74.924	331	3135	1049	1376	2835729	2836053	5030678	74	8	2.06e-33	143	GCF_001558935
NZ_JADPDZ010000003.1	tmexD1	tmexD1	74.775	333	3135	1049	1376	210312	210636	278033	71	11	5.30e-33	137	GCF_015667445
NZ_CABWNH010000003.1	tmexD1	tmexD1	74.775	333	3135	1049	1376	112507	112831	331822	71	11	6.32e-33	137	GCF_902506645
NZ_NEEZ01000017.1	tmexD1	tmexD1	96.747	3136	3135	1	3135	91495	94629	112178	100	2	0.0	5225	GCF_002252125
NZ_NEEZ01000017.1	toprJ1	toprJ1	99.930	1434	1434	1	1434	94634	96067	112178	1	0	0.0	2643	GCF_002252125
NZ_NEEZ01000017.1	tmexC1	tmexC1	98.110	1164	1164	1	1164	90316	91479	112178	22	0	0.0	2028	GCF_002252125
NZ_NEFA01000015.1	tmexD1	tmexD1	96.747	3136	3135	1	3135	91587	94721	112286	100	2	0.0	5225	GCF_002252025
NZ_NEFA01000015.1	toprJ1	toprJ1	99.930	1434	1434	1	1434	94726	96159	112286	1	0	0.0	2643	GCF_002252025
NZ_NEFA01000015.1	tmexC1	tmexC1	98.110	1164	1164	1	1164	90408	91571	112286	22	0	0.0	2028	GCF_002252025
NZ_JAACOV010000006.1	tmexD1	tmexD1	75.227	331	3135	1376	1049	42465	42789	264697	73	8	2.33e-36	148	GCF_014333035
NZ_CABWNG010000003.1	tmexD1	tmexD1	74.775	333	3135	1376	1049	218992	219316	331822	71	11	6.32e-33	137	GCF_902506695
NZ_CABWND010000003.1	tmexD1	tmexD1	74.775	333	3135	1376	1049	218992	219316	331822	71	11	6.32e-33	137	GCF_902506735
NZ_JAHVNJ010000004.1	tmexD1	tmexD1	74.474	333	3135	1049	1376	41925	42249	302673	72	11	2.68e-31	132	GCF_019281555
NZ_NEFW01000040.1	tmexD1	tmexD1	76.036	338	3135	1376	1042	2449	2780	5353	72	8	1.30e-43	167	GCF_002189125
NZ_AP024585.1	tmexD1	tmexD1	74.924	331	3135	1376	1049	2608643	2608967	4717872	74	8	1.93e-33	143	GCF_018323885
NZ_JADVIX010000002.1	tmexD1	tmexD1	74.474	333	3135	1376	1049	88419	88743	549171	72	11	4.87e-31	132	GCF_016505125
NZ_LIGA01000015.1	tmexD1	tmexD1	74.251	334	3135	1376	1049	42436	42760	296623	71	13	1.22e-29	126	GCF_001276105
NZ_JADVGQ010000001.1	tmexD1	tmexD1	74.474	333	3135	1376	1049	255904	256228	910311	72	11	8.06e-31	132	GCF_016503685
NZ_CDQV01000005.1	tmexD1	tmexD1	74.251	334	3135	1376	1049	2705	3029	9316	71	13	3.84e-31	126	GCF_000936345
NZ_CP080958.1	tmexD1	tmexD1	74.474	333	3135	1376	1049	2696787	2697111	4847284	72	11	4.29e-30	132	GCF_019645955
NZ_WVSW01000062.1	tmexD1	tmexD1	79.841	754	3135	1006	1745	68	810	106492	127	21	1.03e-150	527	GCF_009856875
NZ_CP083651.1	tmexD1	tmexD1	74.924	331	3135	1376	1049	1838053	1838377	4760400	74	8	1.95e-33	143	GCF_020099335
NZ_CP064180.1	tmexD1	tmexD1	74.474	333	3135	1376	1049	2598479	2598803	4906411	72	11	4.34e-30	132	GCF_015353115
NZ_CABWNF010000003.1	tmexD1	tmexD1	74.775	333	3135	1049	1376	86161	86485	305497	71	11	5.82e-33	137	GCF_902506715
NZ_BPFM01000055.1	tmexD1	tmexD1	97.671	3135	3135	1	3135	1680	4814	8558	73	0	0.0	5385	GCF_019655655
NZ_BPFM01000055.1	toprJ1	toprJ1	99.930	1434	1434	1	1434	4819	6252	8558	1	0	0.0	2643	GCF_019655655
NZ_BPFM01000055.1	tmexC1	tmexC1	95.447	1164	1164	1	1164	501	1664	8558	53	0	0.0	1857	GCF_019655655
NZ_SRJO01000129.1	tmexD1	tmexD1	81.741	471	3135	1508	1041	14314	14781	22600	80	4	1.08e-109	388	GCF_006937845
NZ_CP022275.1	tmexD1	tmexD1	96.747	3136	3135	1	3135	24098	27232	144825	100	2	0.0	5225	GCF_002215385
NZ_CP022275.1	toprJ1	toprJ1	99.930	1434	1434	1	1434	27237	28670	144825	1	0	0.0	2643	GCF_002215385
NZ_CP022275.1	tmexC1	tmexC1	98.110	1164	1164	1	1164	22919	24082	144825	22	0	0.0	2028	GCF_002215385
NZ_LT556085.1	tmexD1	tmexD1	74.775	333	3135	1376	1049	4084096	4084420	5109913	71	11	9.72e-32	137	GCF_900079795
NZ_CP057630.1	tmexD1	tmexD1	74.474	333	3135	1376	1049	2749598	2749922	4885668	72	11	4.32e-30	132	GCF_013890155
NZ_LIFT01000003.1	tmexD1	tmexD1	74.545	330	3135	1376	1049	255169	255493	541311	77	6	1.03e-32	137	GCF_001297795
NZ_JADVGV010000001.1	tmexD1	tmexD1	74.474	333	3135	1376	1049	260374	260698	752608	72	11	6.66e-31	132	GCF_016503825
NZ_FOJV01000004.1	tmexD1	tmexD1	74.775	333	3135	1376	1049	42521	42845	453459	71	11	8.63e-33	137	GCF_900112055
NZ_VNLW01000044.1	tmexD1	tmexD1	74.622	331	3135	1376	1049	254786	255110	367615	75	8	7.00e-33	137	GCF_019800295
NZ_CP014015.2	tmexD1	tmexD1	75.227	331	3135	1376	1049	4663248	4663572	4904719	73	8	4.31e-35	148	GCF_001559075
NZ_NEFB01000014.1	tmexD1	tmexD1	96.747	3136	3135	3135	1	5008	8142	100251	100	2	0.0	5225	GCF_002252065
NZ_NEFB01000014.1	toprJ1	toprJ1	99.930	1434	1434	1434	1	3570	5003	100251	1	0	0.0	2643	GCF_002252065
NZ_NEFB01000014.1	tmexC1	tmexC1	98.110	1164	1164	1164	1	8158	9321	100251	22	0	0.0	2028	GCF_002252065
NZ_JMQQ01000004.1	tmexD1	tmexD1	74.545	330	3135	1049	1376	43295	43619	50849	77	6	9.69e-34	137	GCF_000731055
NZ_CDQX01000225.1	tmexD1	tmexD1	74.251	334	3135	1376	1049	2428	2752	9744	71	13	4.02e-31	126	GCF_001373155
NZ_CP017058.1	tmexD1	tmexD1	76.761	1760	3135	22	1745	72742	74468	229406	340	57	0.0	920	GCF_001718055
NZ_JADVDW010000001.1	tmexD1	tmexD1	74.924	331	3135	1376	1049	260618	260942	923602	74	8	3.78e-34	143	GCF_016500665
NZ_CABVLR010000003.1	tmexD1	tmexD1	74.775	333	3135	1376	1049	218992	219316	331822	71	11	6.32e-33	137	GCF_902498925
NZ_JAQB01000072.1	tmexD1	tmexD1	74.474	333	3135	1049	1376	217869	218193	391211	72	11	3.47e-31	132	GCF_000809165
NZ_LORU02000001.1	tmexD1	tmexD1	75.976	333	3135	1376	1049	4525754	4526078	4934003	67	11	2.00e-38	159	GCF_001471655
contig00033	tmexD1	tmexD1	74.622	331	3135	1376	1049	42574	42898	51444	75	8	9.81e-34	137	SD_2_G2
NZ_NGRA01000001.1	tmexD1	tmexD1	74.251	334	3135	1049	1376	36205	36529	4901786	71	13	2.02e-28	126	GCF_002151695
NZ_LT556084.1	tmexD1	tmexD1	74.775	333	3135	1049	1376	2844543	2844867	5048670	71	11	9.60e-32	137	GCF_900079785
NZ_JADVIG010000001.1	tmexD1	tmexD1	75.227	331	3135	1049	1376	569004	569328	707559	73	8	6.22e-36	148	GCF_016504785
NZ_CP070239.1	tmexD1	tmexD1	76.577	333	3135	1049	1376	3484053	3484377	5087618	65	11	9.54e-42	171	GCF_016906145
NZ_CP057632.1	tmexD1	tmexD1	74.474	333	3135	1376	1049	2750663	2750987	4886739	72	11	4.32e-30	132	GCF_013890595
NZ_RKJA01000003.1	tmexD1	tmexD1	74.622	331	3135	1376	1049	4160675	4160999	4905179	75	8	9.33e-32	137	GCF_003938795
NZ_CP041362.1	tmexD1	tmexD1	74.775	333	3135	1376	1049	2641062	2641386	4722748	71	11	8.98e-32	137	GCF_006965505
