name	total_length	number	mean_length	longest	shortest	N_count	Gaps	N50	N50n	N70	N70n	N90	N90n
DB_3_C11	5353585	285	18784.51	317812	112	0	0	123405	16	62504	27	17274	58
DB_3_D1	5523524	696	7936.10	186126	112	0	0	36051	47	20119	87	8451	169
DB_3_D2	5430454	329	16505.94	291503	112	0	0	130702	15	58646	27	15415	60
DB_3_F10	5546007	620	8945.17	167080	112	0	0	37765	43	25266	79	8909	149
DB_5_F12	5472810	324	16891.39	301020	112	0	0	141010	15	69216	26	17502	57
ERQ0043	5148839	101	50978.60	380865	112	0	0	158573	12	113668	20	58171	32
ERQ0044	5400345	244	22132.56	576697	112	0	0	94662	17	64749	30	21732	57
ERQ0045	5147481	96	53619.59	380865	112	0	0	184768	10	119023	16	72258	27
ERQ0046	5524491	946	5839.84	161057	112	0	0	44515	42	26578	74	11191	136
ERQ0152	5374368	292	18405.37	297513	112	0	0	78578	21	54461	37	22421	68
ERQ0154	5371939	265	20271.47	297509	112	0	0	93334	18	64264	32	23919	60
ERQ0155	5234125	216	24232.06	324367	112	0	0	89377	16	53156	30	28209	55
ERQ0156	5293138	208	25447.78	232798	112	0	0	73861	22	52850	39	18238	68
ERQ0159	5238662	203	25806.22	384174	112	0	0	159484	11	82247	20	30104	44
ERQ0160	5252620	315	16674.98	273527	112	0	0	116559	17	56299	31	18562	63
ERQ0161	5173717	57	90766.96	691942	116	0	0	378313	5	305459	8	103449	15
ERQ0162	5265461	200	26327.31	296988	112	0	0	135051	14	55253	27	19229	56
ERQ0165	5379254	231	23286.81	238266	112	0	0	108558	17	63121	30	20397	59
ERQ0166	5315477	662	8029.42	218335	92	0	0	116814	16	55214	30	19188	60
ERQ0169	5107990	111	46017.93	653999	112	0	0	180561	10	123485	16	50680	29
ERQ0172	5675460	127	44688.66	647393	112	0	0	230911	8	118011	16	50894	30
ERQ0173	5493197	191	28760.19	355112	112	0	0	123073	13	82515	25	26290	46
ERQ0175	5438501	294	18498.30	420098	112	0	0	86371	19	47177	36	16435	75
ERQ0183	5225256	509	10265.73	262383	112	0	0	132981	15	75706	25	30944	47
ERQ0186	5200125	136	38236.21	344572	118	0	0	173587	11	87998	20	34000	37
ERQ0189	5206110	169	30805.38	232798	121	0	0	86949	21	57804	36	28180	60
ERQ0192	5239571	310	16901.84	338245	112	0	0	100020	16	54610	30	19064	62
ERQ0199	5302382	299	17733.72	296988	112	0	0	131841	15	56408	27	19936	55
ERQ0200	5325132	153	34804.78	378801	113	0	0	122789	15	69589	26	26225	50
ERQ0211	5287620	204	25919.71	297210	112	0	0	134038	15	55600	27	21120	55
ERQ0212	5446852	158	34473.75	314068	112	0	0	134354	13	77433	25	32202	44
ERQ0213	5569007	229	24318.81	384174	112	0	0	121567	14	56408	29	21917	58
ERQ0216	5226625	173	30211.71	384174	112	0	0	172770	10	78311	21	31489	42
ERQ0217	5233832	187	27988.41	284979	112	0	0	122445	15	73996	26	29581	49
ERQ0222	5289791	257	20582.84	327408	112	0	0	110062	17	58248	31	18541	63
ERQ0224	5285274	199	26559.17	296988	112	0	0	93407	17	55600	32	19936	60
ERQ0225	5485533	147	37316.55	556534	93	0	0	148238	10	82157	20	36501	39
ERQ0227	5390120	190	28369.05	452458	114	0	0	151290	13	84191	21	26352	44
ERQ0230	5228821	90	58098.01	609515	112	0	0	440425	5	150620	11	84882	19
ERQ0233	5314394	158	33635.41	413062	112	0	0	139281	13	84390	22	32249	41
ERQ0241	5840132	321	18193.56	240756	92	0	0	92903	21	66365	36	19899	68
ERQ0243	5439070	259	21000.27	297316	112	0	0	80533	20	51386	37	21289	69
ERQ0246	5270536	177	29777.04	292315	112	0	0	159484	12	68722	23	29574	46
ERQ0250	5265533	107	49210.59	454311	121	0	0	153700	10	89191	20	63146	33
ERQ0251	5239957	201	26069.44	259499	112	0	0	86039	17	53150	32	23349	59
ERQ0255	5358020	200	26790.10	232910	113	0	0	85150	22	52850	39	22424	67
ERQ0259	5572574	186	29960.08	396918	112	0	0	165846	11	87754	20	31884	42
ERQ0278	5062237	202	25060.58	232910	114	0	0	86949	21	57840	35	30882	58
ERQ0310	5112546	231	22132.23	197085	112	0	0	73706	22	45619	41	19696	70
ERQ0572	5609986	180	31166.59	463510	113	0	0	208963	10	110602	17	32316	34
ERQ0671	5275022	511	10322.94	284979	112	0	0	136232	15	74001	26	29533	49
ERQ0672	5878734	197	29841.29	393176	112	0	0	115762	14	68038	27	31987	51
ERQ0674	5942985	196	30321.35	693491	112	0	0	115762	13	66051	27	34537	51
ERQ0677	5874759	173	33958.14	693602	112	0	0	124186	13	73282	25	30327	50
ERQ0678	5613007	448	12529.03	494372	112	0	0	188011	11	108165	19	26320	39
ERQ0681	5620765	380	14791.49	494259	112	0	0	156413	12	97046	21	32068	40
ERQ0682	5531919	187	29582.45	391931	112	0	0	168990	12	109486	20	33901	36
ERQ0683	5546110	599	9258.95	233786	112	0	0	114708	18	73614	29	24589	53
ERQ0685	5649333	195	28970.94	494372	112	0	0	166008	11	112136	19	32019	38
ERQ0689	5569903	206	27038.36	494255	112	0	0	152240	12	85974	21	32338	41
GCF_000018045	4735357	3	1578452.33	4720462	5601	0	0	4720462	1	4720462	1	4720462	1
GCF_000155975	5154159	10	515415.90	2724488	1555	3900	39	2724488	1	499154	3	423041	5
GCF_000158355	5023211	9	558134.56	1661513	85854	2100	21	770620	3	511277	4	400500	6
GCF_000238735	5122674	11	465697.64	2632249	1880	2500	25	2632249	1	553925	3	155804	6
GCF_000342325	4899578	31	158050.90	773993	236	0	0	370883	5	316321	7	144630	12
GCF_000388155	5053892	79	63973.32	506286	216	0	0	240358	8	144752	14	52931	24
GCF_000521945	4947895	4	1236973.75	3384993	87153	6553	11	3384993	1	1295238	2	1295238	2
GCF_000521965	5269965	2	2634982.50	4981099	288866	11672	10	4981099	1	4981099	1	4981099	1
GCF_000582615	4907888	68	72174.82	364987	227	0	0	158049	9	125466	16	55975	27
GCF_000692115	5829086	18	323838.11	4144012	1098	95056	42	4144012	1	4144012	1	477591	3
GCF_000731055	5273145	110	47937.68	489429	419	0	0	115086	15	72930	26	34159	47
GCF_000734905	4899643	129	37981.73	260953	208	0	0	76371	21	51520	36	18837	67
GCF_000764735	4929495	31	159015.97	595927	632	0	0	240293	6	209613	11	98192	17
GCF_000783445	4727261	1	4727261.00	4727261	4727261	0	0	4727261	1	4727261	1	4727261	1
GCF_000783755	5451221	3	1817073.67	5064681	60032	0	0	5064681	1	5064681	1	5064681	1
GCF_000783995	5258481	1	5258481.00	5258481	5258481	0	0	5258481	1	5258481	1	5258481	1
GCF_000786265	5242830	64	81919.22	3822494	302	4500	45	3822494	1	3822494	1	1329095	2
GCF_000786275	5040789	17	296517.00	5028527	300	2400	24	5028527	1	5028527	1	5028527	1
GCF_000826205	4986623	56	89046.84	505367	567	0	0	292028	7	126358	13	63261	23
GCF_000835925	5385810	361	14919.14	138720	411	0	0	34885	45	22940	83	11127	150
GCF_000937455	5763242	16	360202.62	4291073	2203	7642	40	4291073	1	4291073	1	213124	4
GCF_000937505	5911694	19	311141.79	5206009	2150	15155	21	5206009	1	5206009	1	291028	2
GCF_000972645	5005025	137	36533.03	205237	1030	0	0	66745	23	50066	39	22925	67
GCF_000981805	5875351	2	2937675.50	5584358	290993	0	0	5584358	1	5584358	1	5584358	1
GCF_000982845	4870483	19	256341.21	809267	458	1	1	742810	4	496265	5	138529	9
GCF_001022155	5489397	10	548939.70	4976908	1916	0	0	4976908	1	4976908	1	4976908	1
GCF_001022275	5390649	7	770092.71	5029496	1916	0	0	5029496	1	5029496	1	5029496	1
GCF_001276105	4952580	47	105374.04	1290767	207	0	0	330749	4	234059	8	106437	13
GCF_001276125	4956891	39	127099.77	736163	205	0	0	533449	4	426333	6	158720	10
GCF_001281005	5080321	1	5080321.00	5080321	5080321	0	0	5080321	1	5080321	1	5080321	1
GCF_001317135	5955093	786	7576.45	163205	254	0	0	41203	41	24682	78	3316	195
GCF_001471655	4933864	1	4933864.00	4933864	4933864	0	0	4933864	1	4933864	1	4933864	1
GCF_001546285	4927776	24	205324.00	794603	995	1900	19	493823	4	469579	6	160867	10
GCF_001546305	4812175	63	76383.73	697543	508	6300	63	303787	5	188759	9	55688	18
GCF_001552875	4882379	45	108497.31	689414	524	6800	68	415269	5	270833	8	67445	16
GCF_001558935	5083867	2	2541933.50	5030517	53350	0	0	5030517	1	5030517	1	5030517	1
GCF_001559075	4904719	1	4904719.00	4904719	4904719	0	0	4904719	1	4904719	1	4904719	1
GCF_001718055	5497225	3	1832408.33	5096586	171233	0	0	5096586	1	5096586	1	5096586	1
GCF_002042885	4916306	40	122907.65	556308	321	0	0	297971	6	170203	11	70382	19
GCF_002073755	5244290	1	5244290.00	5244290	5244290	0	0	5244290	1	5244290	1	5244290	1
GCF_002114305	5215585	43	121292.67	1065488	649	728	8	537644	4	393431	6	99438	11
GCF_002151695	4992764	5	998552.80	4901786	1203	71828	30	4901786	1	4901786	1	4901786	1
GCF_002185305	5092020	39	130564.62	654454	538	0	0	287643	6	186380	11	123626	17
GCF_002208845	4834774	1	4834774.00	4834774	4834774	0	0	4834774	1	4834774	1	4834774	1
GCF_002208985	4934662	2	2467331.00	4925369	9293	0	0	4925369	1	4925369	1	4925369	1
GCF_002786865	5357480	2	2678740.00	5311319	46161	0	0	5311319	1	5311319	1	5311319	1
GCF_002796485	4784670	1	4784670.00	4784670	4784670	0	0	4784670	1	4784670	1	4784670	1
GCF_002796505	5035189	2	2517594.50	4919453	115736	0	0	4919453	1	4919453	1	4919453	1
GCF_002843195	4881935	49	99631.33	758583	515	26	3	330308	5	227326	9	78379	16
GCF_002863945	5741697	187	30704.26	253022	511	0	0	91935	21	68471	35	20686	65
GCF_002863965	4652935	32	145404.22	575523	1061	0	0	468432	5	302538	7	124120	13
GCF_002864025	5169752	70	73853.60	1822987	502	0	0	559284	3	195539	6	81190	14
GCF_002871775	5211873	34	153290.38	937780	363	5640	24	782825	3	309591	6	122540	11
GCF_002880615	5340584	2	2670292.00	5277996	62588	0	0	5277996	1	5277996	1	5277996	1
GCF_002903215	5634842	3	1878280.67	5334524	65291	0	0	5334524	1	5334524	1	5334524	1
GCF_002903305	5688355	5	1137671.00	5016446	53632	0	0	5016446	1	5016446	1	355789	2
GCF_002918455	5162346	23	224449.83	1340071	656	0	0	589890	3	516470	5	151743	8
GCF_002918465	5161825	21	245801.19	2107845	600	1	1	589615	2	516470	4	154182	7
GCF_002918495	5164177	25	206567.08	1339582	656	1	1	610688	3	516470	5	151743	8
GCF_002918505	5511103	33	167003.12	566967	599	1	1	399131	6	343952	9	138479	14
GCF_002918535	5534887	22	251585.77	2645344	607	6	6	538118	2	450834	4	150290	8
GCF_002918555	5533855	16	345865.94	1460498	630	15	15	1061460	3	576562	4	172722	7
GCF_002918575	5048886	15	336592.40	2069601	707	4	4	878382	2	613649	3	494535	5
GCF_002918835	5217812	126	41411.21	330710	510	0	0	129146	15	85334	25	26893	46
GCF_002918855	5189677	118	43980.31	388552	515	0	0	141418	13	80748	24	27747	44
GCF_002918865	4934779	40	123369.48	500004	551	0	0	286310	7	189549	11	85102	18
GCF_002918875	5490432	138	39785.74	385876	506	0	0	170947	11	118572	19	29129	37
GCF_002918935	5536114	34	162826.88	1325272	598	3	3	448810	4	307325	7	135393	13
GCF_002919425	5169381	30	172312.70	2680168	602	3	3	2680168	1	516346	3	151743	6
GCF_002919455	5164811	24	215200.46	2107982	598	3	3	593986	2	518047	4	151743	7
GCF_002919485	5162224	20	258111.20	2676257	656	1	1	2676257	1	492546	3	151743	7
GCF_002919495	5537458	25	221498.32	1418115	627	5	5	700952	3	448825	4	139400	9
GCF_002919795	5491361	160	34321.01	372296	501	0	0	115136	15	66061	27	20499	54
GCF_002919825	5562967	125	44503.74	363040	540	0	0	123471	13	83916	25	32312	43
GCF_002923765	4824930	18	268051.67	1482787	1070	0	0	515942	3	350821	5	145613	8
GCF_002934505	5629494	4	1407373.50	5079781	62590	0	0	5079781	1	5079781	1	5079781	1
GCF_002939255	5072546	94	53963.26	436852	690	553	1	142532	13	77351	23	29984	41
GCF_002946635	4784656	1	4784656.00	4784656	4784656	0	0	4784656	1	4784656	1	4784656	1
GCF_002947035	4923281	3	1641093.67	4798293	42930	0	0	4798293	1	4798293	1	4798293	1
GCF_002947675	4928874	2	2464437.00	4919580	9294	0	0	4919580	1	4919580	1	4919580	1
GCF_003015305	4917171	30	163905.70	747808	311	0	0	565700	4	432543	6	128988	11
GCF_003019835	5028563	1	5028563.00	5028563	5028563	606180	461	5028563	1	5028563	1	5028563	1
GCF_003175795	5025755	98	51283.21	387944	245	0	0	141329	12	89296	20	48860	36
GCF_003184045	4845100	52	93175.00	4655095	273	250	25	4655095	1	4655095	1	4655095	1
GCF_003195445	4992654	79	63198.15	1192234	501	0	0	406360	4	180866	9	91658	16
GCF_003226155	4756360	11	432396.36	4610870	370	0	0	4610870	1	4610870	1	4610870	1
GCF_003255895	4945156	1	4945156.00	4945156	4945156	0	0	4945156	1	4945156	1	4945156	1
GCF_003665535	5053452	2	2526726.00	4996291	57161	0	0	4996291	1	4996291	1	4996291	1
GCF_003665595	5343952	1	5343952.00	5343952	5343952	0	0	5343952	1	5343952	1	5343952	1
GCF_003665615	5064975	3	1688325.00	4859315	71274	0	0	4859315	1	4859315	1	4859315	1
GCF_003665635	4917351	1	4917351.00	4917351	4917351	0	0	4917351	1	4917351	1	4917351	1
GCF_003665655	4899014	1	4899014.00	4899014	4899014	0	0	4899014	1	4899014	1	4899014	1
GCF_004322975	4954525	3	1651508.33	4883650	19305	0	0	4883650	1	4883650	1	4883650	1
GCF_005280805	5235980	1359	3852.82	1001244	200	29135	512	430503	4	199146	9	3063	26
GCF_005280815	4955874	313	15833.46	925900	200	355	17	774166	3	462808	5	136173	8
GCF_005280825	4617007	123	37536.64	284536	200	1	1	127657	13	80015	22	31455	39
GCF_005280855	4130315	85	48591.94	650531	1177	9173	170	190402	6	69281	14	19811	34
GCF_005280875	4699932	37	127025.19	697266	1085	18576	277	436868	5	315590	7	139643	12
GCF_005280915	4802836	92	52204.74	479983	1008	13288	280	127210	12	80503	22	31829	39
GCF_005280935	4889882	90	54332.02	658990	1003	18847	340	212035	7	114104	13	19610	35
GCF_005280955	4904780	56	87585.36	633646	210	506	4	455925	5	220793	8	120970	14
GCF_005280975	4769524	58	82233.17	627792	206	0	0	314940	6	171762	9	82972	17
GCF_005281015	4907427	143	34317.67	482893	202	118	1	192140	8	109211	15	31934	30
GCF_005281025	5056734	113	44749.86	428785	205	534	3	185138	11	111111	17	33625	30
GCF_005281055	4813631	83	57995.55	444133	201	184	1	224540	8	109131	14	49667	25
GCF_005281115	5066201	78	64951.29	497748	219	0	0	204048	9	131293	15	68224	25
GCF_005281125	4902504	29	169051.86	841040	1070	9415	199	437943	5	333624	7	127886	12
GCF_005281155	4741820	112	42337.68	252277	203	957	7	111705	15	73142	26	28696	46
GCF_005281165	5001858	66	75785.73	753816	220	2152	27	308606	6	198082	10	77809	18
GCF_005281175	4715026	44	107159.68	601708	205	4996	36	471099	5	397514	7	96800	12
GCF_005281195	4740309	90	52670.10	468322	1005	12401	224	164449	10	83396	18	29713	36
GCF_005281245	4390511	66	66522.89	352028	1003	28051	467	188633	8	146641	13	48109	23
GCF_005281255	4852896	43	112858.05	937523	209	0	0	463424	4	340033	6	124741	13
GCF_005281325	4712765	71	66376.97	517779	237	715	8	150393	9	95362	16	49216	29
GCF_005281345	5160421	117	44106.16	528017	200	14086	92	222765	7	115588	14	38903	29
GCF_005281355	4941213	96	51470.97	405760	202	584	7	117986	12	89474	21	36845	40
GCF_005406305	4569707	1	4569707.00	4569707	4569707	0	0	4569707	1	4569707	1	4569707	1
GCF_008931485	5514965	3	1838321.67	5095110	176400	0	0	5095110	1	5095110	1	5095110	1
GCF_008931505	5442770	3	1814256.67	5022915	176400	0	0	5022915	1	5022915	1	5022915	1
GCF_008931625	5540627	6	923437.83	5088693	3223	0	0	5088693	1	5088693	1	5088693	1
GCF_008931685	5613343	6	935557.17	5070767	3223	0	0	5070767	1	5070767	1	5070767	1
GCF_014332835	5282421	64	82537.83	945878	207	0	0	571851	4	189558	8	92535	15
GCF_014332855	5282788	50	105655.76	945878	232	0	0	571736	4	189558	8	126249	15
GCF_014332945	5096319	45	113251.53	1966477	253	0	0	851789	2	518066	4	137438	7
GCF_014333035	4908923	108	45452.99	453710	204	0	0	225898	8	139918	14	44931	28
GCF_900079995	5293620	36	147045.00	803536	545	0	0	571932	4	216810	7	90147	14
GCF_900080005	5247627	53	99011.83	785996	229	0	0	537218	4	162486	8	71665	17
GCF_902387635	5258449	1	5258449.00	5258449	5258449	0	0	5258449	1	5258449	1	5258449	1
SD_2_G2	4858996	177	27451.95	291759	112	0	0	142751	13	110985	21	67460	32
SD_5_A12	4775739	318	15018.05	117090	117	0	0	25670	54	17047	99	7792	179
SD_5_D4	4844745	45	107661.00	1071196	116	0	0	701802	3	335973	5	156170	10
SD_9_A7	4817836	36	133828.78	1562302	112	0	0	941925	2	527212	4	153410	6
SD_9_B7	4849998	32	151562.44	1046964	141	0	0	739424	3	510302	5	338321	7
SD_9_C7	4888862	50	97777.24	1080788	116	0	0	469647	4	222250	7	113978	12
SD_9_H6	4816895	44	109474.89	757419	112	0	0	348182	5	274107	8	118203	15
SG18_100_2_S18	4918810	36	136633.61	1221278	217	0	0	452777	4	385649	6	119157	11
SG18_109_2_S19	4918896	36	136636.00	1221278	204	0	0	452777	4	234381	7	119157	12
SG18_138_1_S32	4631297	32	144728.03	1203655	204	0	0	448743	4	313923	6	164700	9
SG18_138_2_S33	4633018	29	159759.24	1203811	201	0	0	626308	3	452868	5	303534	7
SG18_223_S110	4781020	31	154226.45	776476	209	0	0	522941	4	348897	6	148302	10
SG18_227_S53	4661343	37	125982.24	689210	215	0	0	360578	5	308308	8	155617	12
SG18_229_S54	4930855	62	79529.92	1084829	205	0	0	362400	5	261874	8	105920	15
SG18_265_S115	4817566	57	84518.70	620033	202	0	0	261168	6	151792	10	82849	18
SG18_42_S4	4900049	37	132433.76	1123743	202	0	0	518379	4	348750	6	118924	10
SG18_8_S1	4801516	38	126355.68	640967	207	0	0	454833	5	212097	9	91559	15
